N	MeanD	Volume
1	3.59197756	967767
2	1.282011499	4198321
3	1.214203688	3977886
4	1.464789943	2907109
5	1.628030846	2682480
6	1.329447315	3200105
7	1.248890114	3416675
8	1.651244817	2162287
9	1.827896876	2273818
10	0.914014858	4741965
11	1.88934481	2255097
12	1.488992264	3008616
13	0.921237894	4898007
14	1.317976868	3260314
15	1.216890504	4009922
16	1.343815402	2895455
17	1.727715309	2535168
18	1.278841582	3423134
19	1.18993679	3950114
20	1.104393043	4181879
21	1.672111505	2446923
22	1.530522735	2943821
23	1.176550504	4510749
24	1.440505594	2765731
25	1.662246747	2314507
26	1.657650624	2514131
27	1.456736968	2935897
28	1.788189911	2007429
29	1.860775844	2432506
30	1.810086532	2738515
31	2.126028111	1936731
32	2.032319933	1856988
33	1.811291972	2309761
34	1.649827354	2981887
35	1.512122574	3490986
36	3.165583002	1276731
37	1.760538281	2278762
38	1.930663599	2167268
39	1.70269831	2626142
40	1.920803376	1984249
41	2.157116725	2014572
42	1.241421631	3446421
43	1.644339356	2458040
44	1.281372382	3444929
45	1.300866461	2974457
46	1.687925764	2323758
47	1.513957119	2883040
48	1.172717542	3917994
49	1.596445708	2683452
50	1.817594475	2347308
51	1.505297166	2802818
52	1.606338819	2435287
53	1.364084811	3199627
54	1.004643895	4613640
55	0.94787097	7394253
56	1.330826544	3439660
57	1.465997496	3060779
58	1.723950429	2215971
59	1.401859236	2991397
60	1.676020347	2678118
61	1.747041629	2384151
62	1.552886198	2684434
63	1.663776777	2697076
64	1.349688831	3397285
65	1.455981672	3269267
66	1.928062802	2135310
67	1.807749167	1921708
68	1.686956699	2553974
69	1.45356243	2779164
70	1.334372554	3249380
71	1.76868167	2509038
72	1.29450541	3652473
73	1.255195471	3332517
74	1.632560775	2917775
75	1.668096149	2548168
76	1.558948208	3314912
77	1.716010606	2475939
78	1.317327482	4256648
79	1.38513379	2955013
80	1.48254847	3101159
81	1.824260531	2511695
82	1.035498788	4677917
83	1.745056116	2260022
84	2.030434003	2330625
85	1.253577956	4182488
86	1.371960008	3148328
87	1.066256361	5072427
88	1.484191764	3503339
89	1.349916636	2989343
90	1.617989615	2565058
91	1.573370223	2443429
92	1.04185125	4566918
93	1.00228888	4017073
94	1.347114117	3057770
95	0.992125101	4902003
96	0.672186934	6884549
97	1.054099177	3856923
98	0.810201536	5055228
99	0.935308237	4592217
100	0.858185155	5237218
101	1.285785698	3617965
102	1.355124146	3286788
103	3.341083245	1133181
104	1.155670872	4148294
105	0.968075392	5156828
106	1.287002475	3227212
107	1.373828655	3463840
108	1.949961629	2249730
109	1.055365417	4403022
110	1.170628235	3806197
111	0.939163412	5011073
112	1.486357997	3127985
113	1.535192359	2676049
114	0.796506621	5900107
115	1.073183193	4241122
116	1.250742239	4286521
117	0.949360101	7398751
118	0.987465411	5481997
119	1.332346236	3931893
120	1.299163396	3622599
121	1.123670722	4259116
122	1.807413099	2214694
123	2.16500935	1833626
124	1.597848215	2956866
125	1.751906334	2311252
126	1.553931357	3395500
127	1.31924891	3919297
128	2.84585845	1433339
129	3.132527666	1088222
130	1.652643833	2714314
131	1.447056113	2887770
132	1.756855451	2480747
133	2.428596022	1773351
134	1.728958107	2585363
135	1.58798097	2494624
136	1.311552373	3291012
137	1.381868617	3307651
138	1.148330781	3472941
139	1.476761304	2674729
140	1.191269925	3735397
141	1.640255824	2914384
142	1.593213125	3010133
143	1.985669567	2369317
144	1.666960147	2439684
145	2.411007546	1820369
146	1.524923009	2684250
147	2.02677404	2357062
148	2.401112839	1636363
149	1.662148227	2685412
150	1.93234999	2281222
151	1.423871746	3094101
152	0.767676102	7454387
153	1.548539235	2905035
154	2.275565527	1882214
155	1.714498833	2576864
156	1.396048049	3085579
157	1.637649967	2833112
158	1.740521479	2994947
159	1.856649552	2878727
160	1.577572877	2889876
161	2.088006913	2148150
162	1.893736804	2497660
163	2.416820295	1533782
164	1.431684973	3000571
165	1.772816732	2156264
166	1.410359429	3115656
167	1.837079726	1730732
168	2.785255648	1109875
169	1.921633601	1914851
170	2.236371257	1613227
171	1.675702115	2149301
172	1.697164681	2115330
173	2.500308931	1959096
174	2.094608234	1935720
175	1.706608188	2310313
176	1.816981826	2489680
177	1.629544785	2197199
178	1.993736562	2471784
179	1.868444872	2589490
180	2.098903849	2004711
181	1.858815464	2189719
182	1.455918909	5769094
183	1.975401514	2009533
184	1.179867405	3789740
185	1.780284594	2413940
186	1.596311992	2767025
187	1.549432424	2384954
188	1.94302154	1961633
189	1.312339682	3260435
190	1.267176927	3280003
191	1.650060153	2194865
192	1.910799525	1725733
193	1.889222087	1828518
194	2.064321693	1631984
195	1.070907884	4282519
196	1.105340998	4543267
197	1.498742527	2772401
198	1.933522649	1871284
199	1.147995045	3966561
200	1.731188057	2093844
201	1.473618532	2348192
202	1.21184707	3048811
203	1.675922656	2299419
204	1.132160667	3970862
205	1.499076311	2789317
206	1.924614171	2074281
207	1.596046314	2899785
208	1.984347848	1855018
209	1.836083002	1864730
210	2.027846908	1849414
211	1.987151981	2089581
212	1.393533398	3423413
213	1.693892989	2429519
214	1.726374887	2399452
215	1.930806168	2359730
216	1.289466665	3333583
217	0.975544446	4982067
218	1.417275896	3778529
219	1.316186129	3845860
220	1.359572729	3252600
221	1.115176639	4344631
222	1.662867905	2520742
223	1.801354373	2104424
224	1.67547225	2399382
225	1.829484034	2441545
226	1.362491849	2793575
227	1.507424754	3019564
228	1.729241957	2533214
229	2.044962326	1790511
230	1.847798011	1961789
231	2.379391938	1487605
232	1.208800502	3492903
233	0.971304243	4191441
234	0.986953129	4721773
235	1.469726642	2574534
236	1.270223851	3067716
237	1.226669235	3161526
238	1.641948953	2280393
239	1.42602783	2790871
240	1.762779796	2075285
241	1.505304655	2857405
242	1.316247676	3123849
243	1.755084636	2275113
244	1.626583281	2278683
245	1.715213088	2336651
246	1.3445553	3249838
247	1.205436215	5980057
248	1.654190261	2546439
249	1.527001947	2361099
250	2.075374377	1567750
251	2.374952176	1261863
252	2.044762469	1498471
253	2.521240973	1138454
254	2.576131253	1102046
255	2.864458956	609966
256	2.411331472	1441879
257	1.514325044	2285065
258	1.337457101	2684187
259	1.318696877	2909213
260	1.431858358	2533357
261	1.173948136	3198743
262	0.966362732	4213109
263	0.869767964	4538777
264	1.439983937	2309556
265	2.055245217	1512790
266	1.904748649	1751083
267	1.434407739	2372534
268	0.546362605	8416251
269	0.747693682	5062527
270	1.000086835	3120772
271	1.066303481	3336357
272	1.214916059	3246492
273	1.28016598	3278697
274	1.047166838	3600197
275	1.285481213	3118959
276	0.972092454	4047966
277	1.092793255	3618022
278	1.09264914	3995829
279	1.470726607	3016277
280	1.755248267	2068861
281	1.60753275	2445236
282	1.778687652	2251220
283	1.567237757	2606452
284	2.191179569	2054766
285	1.306344849	2648900
286	1.853548095	2095517
287	1.890115524	2249788
288	1.695677496	2273126
289	1.815734801	2737114
290	2.385369097	1369745
291	1.663084094	2134780
292	1.441138159	2462740
293	0.560688888	11336982
294	0.998605396	4049287
295	0.708555784	6696793
296	0.518870097	6413503
297	0.491375453	6769571
298	0.45189321	7050816
299	0.694085809	4510058
300	0.618796804	4730927
301	0.968899875	3305611
302	1.292905082	2630751
303	0.975819714	3512777
304	1.224017969	2414193
305	1.272248968	2202955
306	1.116758651	3066948
307	0.53791748	6728084
308	0.797460845	4722845
309	0.729211265	9430480
310	1.198781973	3015412
311	1.27540261	2481536
312	1.654228647	2225345
313	0.776517011	5673762
314	1.04967329	2775588
315	0.998729772	3349717
316	1.382841265	2107642
317	1.081371592	3202486
318	1.48911727	2008357
319	1.361623658	2282588
320	1.278974791	2603157
321	0.889922049	3991821
322	1.275592473	2284511
323	1.965358308	1878015
324	1.192132735	2499201
325	0.949417753	3371809
326	0.989958787	3085691
327	1.154956701	3056324
328	0.911162049	4077012
329	0.859812274	3253120
330	0.943337467	3253687
331	0.98148298	3335623
332	0.89744759	5262960
333	1.272453051	2363306
334	1.009112893	3626004
335	1.170889195	2668845
336	0.941498269	3944098
337	0.852971101	4732120
338	1.182452543	3213738
339	0.995248483	3885761
340	1.022327731	3493185
341	1.091383966	3306709
342	2.009202793	1712565
343	0.966529926	4351316
344	1.121318665	3609578
345	1.066780625	2735827
346	0.763290699	4406573
347	1.060315935	2984087
348	0.9039125	3550938
349	1.158602628	2754306
350	1.896120654	1842258
351	0.98667473	4788142
352	1.248080448	2387933
353	1.004698694	3732868
354	1.140195003	3313394
355	1.068977928	3359808
356	1.089938006	3097394
357	1.62112824	2056871
358	1.082848018	3315461
359	0.90559164	4439794
360	0.614740496	8059126
361	0.700221925	5152423
362	0.738010063	5246228
363	0.712618022	4964431
364	0.48950898	6677326
365	0.448023326	8516390
366	0.703142339	5691627
367	0.661158359	4751084
368	0.624116431	5579965
369	0.902817528	3844420
370	0.619472386	14663757
371	0.770151788	4244193
372	1.068756869	2895285
373	0.62503006	6855657
374	0.612106612	5542401
375	0.797871441	4829433
376	0.865571718	4121370
377	0.70663238	4491292
378	0.560202257	6251411
379	1.183948601	2676454
380	0.967202273	3357995
381	0.926261943	3403324
382	1.147756113	2882989
383	2.129918396	1528441
384	0.989405968	3315642
385	1.316665375	2863504
386	1.668538325	1996115
387	0.797071385	4974195
388	0.513816188	5517784
389	1.035027958	3402639
390	0.932975633	4198461
391	1.230350431	2414415
392	1.235638089	2486957
393	0.931571014	3891049
394	1.450011952	2282300
395	1.068644977	3516319
396	1.082884307	2718527
397	0.860989175	4009903
398	0.567238481	6296967
399	0.573043487	5786785
400	0.403378675	8340495
401	0.57600136	6365979
402	0.66105994	4970582
403	0.638196664	5536506
404	0.774363933	4355109
405	0.671093586	5155436
406	0.676559365	4968225
407	0.980876993	3352927
408	0.771188036	4411641
409	0.606621832	5378060
410	0.415831775	7607669
411	0.901259623	3364734
412	0.931222404	2758811
413	0.735065724	4171924
414	0.409027926	8526682
415	0.364988155	10887987
416	0.929242267	2939864
417	0.783238631	3426773
418	1.120163707	2541180
419	1.055872814	2825890
420	1.13450115	2797519
421	1.985614853	1262696
422	1.328407807	2091735
423	1.045609758	2780100
424	1.14663022	2507582
425	1.015466626	2893986
426	1.934268792	1907300
427	1.283465214	2310555
428	1.204677745	2366515
429	1.088918162	2485374
430	0.841169248	3778198
431	1.061336352	2796779
432	1.239588767	2293445
433	0.953825338	3144462
434	0.848639638	4042136
435	1.164947598	3043820
436	1.095452629	2884208
437	0.751707937	4404698
438	0.639241907	6541936
439	1.040698577	2686861
440	0.76606947	8824529
441	1.17142803	3614836
442	0.822671586	3865999
443	1.175274511	2583166
444	0.801087448	4235897
445	1.057880578	2615443
446	1.042343948	2792805
447	0.954885579	3216734
448	1.493120864	1742740
449	1.039979418	3011967
450	1.110437618	2891816
451	1.882106112	1158791
452	1.394429488	1624477
453	1.422342427	1762918
454	1.059805054	2495249
455	1.392742748	2105054
456	1.366149434	2164690
457	1.186776364	2283211
458	0.924945116	2547394
459	0.913203999	3242011
460	0.868504446	4094436
461	0.870179477	3609135
462	0.862934161	3250955
463	0.832033637	3660407
464	0.624639116	5988941
465	0.904611998	3042941
466	1.173531324	2344903
467	1.281255361	2508467
468	1.133541583	2886551
469	0.761402453	4207744
470	0.710382847	4037745
471	1.105588435	3049606
472	1.002586843	2994838
473	0.573414102	5918847
474	0.566820315	5943786
475	0.393748415	10891189
476	0.722774327	4539795
477	0.949387007	2715120
478	0.864052473	3453585
479	0.839943263	3494847
480	0.773739927	4669296
481	0.749725189	4832387
482	0.727475273	4674538
483	0.638058018	5611673
484	0.800930859	3560739
485	0.777054056	3460559
486	0.917233555	3709205
487	0.790696798	4105142
488	0.626134271	6385202
489	0.745552217	4427367
490	0.792187928	3495704
491	1.009464311	2723381
492	0.82058115	3726259
493	1.070453703	2925598
494	1.056480215	2883791
495	0.762456047	4891482
496	1.135622401	3026795
497	0.984699112	2761206
498	0.719339149	4266802
499	0.843859913	3222039
500	0.976506468	2644654
501	0.935219847	3136160
502	0.848678946	2904796
503	0.94660185	2737836
504	1.062304708	2273154
505	0.802784943	6534845
506	1.412722046	1917951
507	1.647571119	909939
508	1.341199668	2027772
509	0.922566744	2421619
510	0.65278796	4015199
511	0.658037964	4430023
512	1.011272512	3045668
513	0.719379947	3326832
514	0.768002018	3902212
515	0.861867279	3164822
516	0.813311387	3651159
517	0.684136344	3738577
518	0.535871477	5554212
519	0.608331741	4240162
520	0.326970198	12194390
521	0.221011569	15943637
522	0.191252235	19095635
523	0.243102444	12828698
524	0.299537836	12623345
525	0.416349388	6228221
526	0.580480396	4574144
527	0.597232811	4373823
528	0.710249419	3816967
529	0.461104205	6056435
530	0.533628222	4972649
531	0.700597126	3522947
532	0.58919623	4430736
533	0.462580846	5291636
534	0.610254987	4129929
535	0.812606917	2874401
536	0.621825234	5269547
537	0.377917433	9306658
538	0.646389459	4224190
539	0.672014477	3978917
540	0.676119711	3896895
541	1.107429306	2810397
542	0.587696111	5059079
543	0.570569155	4732713
544	0.515273648	5847230
545	0.556351072	4779573
546	0.821192126	3436349
547	0.723576374	4238784
548	0.745635245	3693407
549	0.681546594	4482083
550	0.519123588	5159768
551	0.652666238	3860630
552	0.658646335	3879666
553	0.779039171	2980569
554	0.738150417	3737815
555	0.466554684	6063472
556	0.658041327	4598283
557	0.42008692	7383361
558	0.536464694	5272596
559	0.540701317	5497856
560	0.44675185	7640526
561	0.356043123	7621927
562	0.622414318	4867149
563	0.475985471	6548207
564	0.482473115	8413555
565	0.391708597	8050494
566	0.560048001	4651455
567	0.534096406	5139982
568	0.558746649	5072189
569	0.78525134	2912788
570	0.524756211	5411178
571	0.536848181	4822481
572	0.656434949	3631262
573	0.914264472	2562694
574	0.874110511	2569254
575	0.834088065	3166089
576	1.146926699	2467323
577	0.576416279	5639307
578	0.704391271	3504361
579	1.094154896	2319791
580	0.896831409	3064861
581	1.014610415	2406801
582	1.194891891	1965690
583	0.88187381	3488987
584	0.868275326	2620338
585	1.082515541	1991941
586	0.778553947	3267718
587	0.653944509	4063012
588	0.778470886	3425126
589	1.032748547	1857190
590	1.04713167	2859601
591	1.041526756	2373632
592	0.670961927	3513962
593	1.783836426	1173091
594	0.920275521	2765384
595	1.138978773	2023204
596	0.963054673	2446132
597	0.956209698	2429870
598	2.64717229	787687
599	1.111362695	1978916
600	1.334409089	1804267
601	1.27067734	2051301
602	1.125214966	2874083
603	1.087904519	2585924
604	0.862214698	3342801
605	0.559819823	4763358
606	0.634380519	4469808
607	0.843774703	2874562
608	2.425068095	1071400
609	0.810447339	2950756
610	0.801970958	3456293
611	1.196425029	1802199
612	1.211843831	1987579
613	1.206779364	2081646
614	1.44554676	1350652
615	1.080815453	2161736
616	1.011021429	2249619
617	0.779199396	3406460
618	0.859264168	2863633
619	0.77496115	3261930
620	0.788821134	3546562
621	0.705093307	4425173
622	0.499107326	6703427
623	0.883567178	3307270
624	0.961642315	2901928
625	1.045552615	2276615
626	0.687367293	4625443
627	0.695146239	5794581
628	0.967940095	3056590
629	0.656049731	3479643
630	0.830391869	2990085
631	0.682576516	3358604
632	0.662197795	3975357
633	0.74008531	3166533
634	0.632257206	4077873
635	0.841096335	3193367
636	0.649388133	4239857
637	1.487950324	1609850
638	0.986914308	2376885
639	0.836082304	3643556
640	1.095377716	2465752
641	0.843657172	2916315
642	0.637406053	4292968
643	1.077075508	2303710
644	0.39615687	8824127
645	0.393097179	8053560
646	0.447769002	7769342
647	0.630185453	4670222
648	0.903344893	3157350
649	0.964823803	2474940
650	0.651072467	4363870
651	0.70028144	3412511
652	0.394140457	8409175
653	1.045326325	2143283
654	0.748766413	3277363
655	0.989849442	2201967
656	0.842102482	2070970
657	1.155640831	1736695
658	1.30721372	1382993
659	0.795582495	3323234
660	0.766980366	2959323
661	0.589831504	5131025
662	0.768981415	2967040
663	0.894462278	2601994
664	1.175923221	1883243
665	0.88855092	2941703
666	1.037505293	2262254
667	1.10781241	2578837
668	1.48656106	1499501
669	0.769380303	3223620
670	0.886384626	2812394
671	0.912636994	2364658
672	0.856694094	2862552
673	0.981574599	2819033
674	0.712500513	3499642
675	0.918319765	2687750
676	0.601497662	4693692
677	0.82286725	2893808
678	0.864367525	3036565
679	0.579254949	4382838
680	0.808115981	2729474
681	0.738449374	2859182
682	0.498185925	4806540
683	0.469974698	5412824
684	0.51549723	4868900
685	0.595592318	3861655
686	0.710712626	3267968
687	0.811906055	2675892
688	0.267705636	10563253
689	0.254044907	10887949
690	0.338555894	7195273
691	0.2386267	13431970
692	0.238839411	14259248
693	0.563953041	4162469
694	0.653958702	3297048
695	0.750805948	3333339
696	0.652745199	3919657
697	0.924467704	2429541
698	0.470360537	5423338
699	0.568718311	5068530
700	0.764550811	3241501
701	0.669298702	3581306
702	0.764375463	3381911
703	0.445403461	5634127
704	0.408927288	6736183
705	0.319024276	8662941
706	0.529036094	4959082
707	0.25804123	9997586
708	0.408169024	6075685
709	0.392048065	5772290
710	0.575322998	4361114
711	0.441711357	5613722
712	0.409350831	6329798
713	0.543381176	3986386
714	0.653713386	3245411
715	0.523449484	4156545
716	0.481767877	4956639
717	0.34159683	6903460
718	0.345514162	7181172
719	0.28757841	11513155
720	0.353294871	8459356
721	0.396970167	6433467
722	0.348569368	8171468
723	0.535694514	4936707
724	0.428792235	6244773
725	0.423236596	5308302
726	0.474029117	5332724
727	0.606002743	3865388
728	0.503304953	4406660
729	0.687280224	3765706
730	0.407149269	5834799
731	0.512606337	4415274
732	0.685288155	3438154
733	0.837380952	2922781
734	0.671275613	3620809
735	0.753626514	2852714
736	0.579031575	4469061
737	0.527415976	5020667
738	0.577203232	4692538
739	0.536359223	4851567
740	0.860064789	2705946
741	0.914604862	3463020
742	0.388494121	6237491
743	0.775314642	2943068
744	0.720783974	2941945
745	0.71592591	2743429
746	0.467528673	4515809
747	0.664488256	3161422
748	0.451204563	5019186
749	0.555362886	3740400
750	0.735239472	2492958
751	0.766802283	2489488
752	0.625990801	3510343
753	0.867280064	2206498
754	0.651515636	3570625
755	0.71507576	2903574
756	0.831906445	2207371
757	0.780895913	4326541
758	0.678299334	4076048
759	0.89224013	1972201
760	1.070940928	1596232
761	0.722613265	1398865
762	1.934055529	1169644
763	1.239574236	1334572
764	0.762123169	3033942
765	0.872711165	2449550
766	0.452948829	6884579
767	0.557985158	4286627
768	1.021853578	1977482
769	0.973094211	2013404
770	1.010773295	2290984
771	0.617240248	3430193
772	0.854892927	3356582
773	0.874368622	2602314
774	0.945113337	2810104
775	0.680099243	3540324
776	0.52349472	4134800
777	0.496997381	5251418
778	0.735242275	3073370
779	0.980429552	2042146
780	0.652753214	3577190
781	0.703800744	3030623
782	0.859981526	2601584
783	1.201653113	1735539
784	0.963809798	2081565
785	1.097871664	2015786
786	0.900667155	2214717
787	0.865391875	2477770
788	0.7652938	2788541
789	0.928764555	2584866
790	1.199744984	1719016
791	0.980434228	1993523
792	1.403551096	1518457
793	1.98089795	1061034
794	0.60252944	4130890
795	0.624607555	3456543
796	0.911668216	2364081
797	0.503796346	5027697
798	0.749460397	3204736
799	0.681116609	3981361
800	0.617487575	5115691
801	0.45860831	6576856
802	0.701118103	3542635
803	0.900625377	2554830
804	0.746732046	4177723
805	0.725915048	3656949
806	0.6986443	4700344
807	0.687001838	4109701
808	0.830052895	3168575
809	0.72800781	3925747
810	0.628648903	4565798
811	0.824698901	3318329
812	0.717250695	3786344
813	0.792788458	3137861
814	0.759779928	3938449
815	0.789774396	3210501
816	0.449238132	5894083
817	0.708980484	3987321
818	0.71875421	3590729
819	0.619200278	3977868
820	0.830422098	2664865
821	0.938704982	2470151
822	0.878847975	2531282
823	0.806077567	2906453
824	1.064108613	2269630
825	1.092027167	2218231
826	0.650623405	3902280
827	0.826062056	2599827
828	0.810362795	2986302
829	0.958613461	2764586
830	0.844831248	2800184
831	0.973921327	2418816
832	0.882368919	2387381
833	1.419426624	1394814
834	1.07212004	1943702
835	0.861658836	3111757
836	0.847831349	2336276
837	0.779900499	2916366
838	0.809719946	2574524
839	1.031616026	2170018
840	1.10219613	2376287
841	0.719662845	3458771
842	0.853719063	3133416
843	0.902828028	3155185
844	0.642467807	4445743
845	1.099098039	2348461
846	1.099203432	1893118
847	0.869115731	2849408
848	0.76919624	3296980
849	0.796646384	3179894
850	0.918558476	2663890
851	0.974366581	2209302
852	0.556611216	4581711
853	0.698129473	3762266
854	0.844794063	3171287
855	0.829440566	2724818
856	0.818716764	2821071
857	0.696529223	3516215
858	1.134871239	2301848
859	1.190134179	2106098
860	2.103716704	1341817
861	0.843961292	3019475
862	1.106534041	2468800
863	1.18624622	1881879
864	1.079039433	1944173
865	1.175874312	2023515
866	1.129490058	1905610
867	1.357463392	1644951
868	1.276267724	1939678
869	1.156083266	2075653
870	1.185240436	2184126
871	1.205075983	2104620
872	1.337065816	1993128
873	1.435467014	1498991
874	0.910158271	2289048
875	0.970214502	2322805
876	0.857003686	2750005
877	0.819730371	3300291
878	1.003487472	2476184
879	0.850201983	4342875
880	1.068184365	2144564
881	1.073781708	2232298
882	1.092990876	2059732
883	1.153217775	1973545
884	0.851407885	2506156
885	1.231623477	2039633
886	0.9469541	2463716
887	0.790334657	3026270
888	1.066065325	2145499
889	2.079528309	1135900
890	1.461849081	1655695
891	1.277263383	1860981
892	1.109135013	2079654
893	1.299589731	1656766
894	1.472773058	1604383
895	1.225163719	2173362
896	1.059986383	2294421
897	1.017205	2299776
898	1.107594875	2064880
899	1.280155317	2169838
900	1.12771758	2245295
901	1.194481495	1985308
902	0.748757549	3602168
903	0.893920387	2723209
904	0.931532561	2548909
905	0.977446491	2414564
906	1.071487742	2057415
907	1.156833508	1842916
908	0.786330565	3003618
909	1.034808575	2318230
910	0.960992126	2493307
911	0.989604968	2606430
912	0.696134868	3802088
913	0.782023097	3205972
914	0.70184065	4018192
915	1.380353125	1695820
916	0.725181541	3602696
917	1.10646662	1925956
918	0.941430001	2244025
919	0.940712849	2642722
920	0.88902423	2641431
921	1.584563152	1182782
922	1.340436658	1649483
923	1.750849195	1306806
924	1.086410666	3070326
925	0.94943013	2694374
926	1.013387159	2246217
927	0.709895302	3447215
928	0.921772032	2481431
929	1.473378963	1459854
930	1.615532685	1146597
931	1.013143423	2507659
932	0.78415672	2965292
933	1.007813398	2176224
934	1.16463906	1922171
935	1.641534272	1500891
936	1.433624049	1462225
937	1.125145361	2215752
938	1.004208151	2330272
939	0.803085576	3210680
940	1.288489103	1884184
941	1.327403892	1753388
942	1.124857194	1813867
943	1.050174955	2139394
944	1.122281989	2994502
945	1.176986492	1896039
946	1.290084261	1639839
947	1.223391097	1710960
948	0.82171768	2837425
949	0.979329553	2217726
950	1.005131968	2338643
951	1.206306183	1932528
952	0.71616911	3483049
953	0.986315711	2439822
954	0.906681459	2724006
955	1.159640322	2015294
956	0.871949347	2728990
957	1.272299603	1718802
958	1.173154962	1982542
959	1.335321067	1396359
960	1.028356877	2187984
961	1.14928857	2009102
962	0.952212781	2542181
963	1.063089066	2321969
964	0.935785129	2846226
965	1.422113149	1704565
966	0.973287833	2796053
967	0.887236115	3008695
968	0.968245256	2423153
969	1.218436589	1780838
970	0.765415803	3289521
971	0.842513944	2740782
972	0.817103636	3111962
973	0.858619784	2738515
974	0.923711556	2493833
975	1.009621189	2106969
976	0.674730057	3795984
977	0.987486503	2471968
978	1.007220575	2483456
979	1.018384278	2323238
980	0.693821659	3848709
981	0.970593833	2530367
982	1.105740413	2281528
983	1.071217038	2161280
984	1.257251661	1608186
985	1.244890257	1955002
986	1.458205198	1439421
987	1.216553956	2030684
988	1.256873407	1768709
989	1.247178888	2452071
990	1.522496048	1492926
991	1.417662643	1707442
992	1.325873053	1774232
993	0.987627216	2621278
994	0.860495707	2633029
995	1.064053433	1839003
996	1.406536157	1620065
997	1.480342997	1518428
998	1.197344592	2064459
999	1.132206676	2001350
1000	1.628644549	1408447
1001	1.397146298	1595006
1002	1.284350031	1941944
1003	1.413894299	1583649
1004	1.015914976	2405723
1005	1.375602433	1429195
1006	1.267855367	1870316
1007	1.28439492	2097349
1008	1.254198698	1846716
1009	1.089923252	2881500
1010	1.674660476	1428129
1011	1.460395739	1461001
1012	1.979807195	1017551
1013	2.828268974	714342
1014	2.282332528	952141
1015	2.170525509	532655
1016	1.719151594	1359893
1017	1.325858519	1486015
1018	1.715687317	1132085
1019	1.482734762	1625554
1020	0.943439607	2131449
1021	0.988625144	1964484
1022	0.813917261	2514470
1023	1.596112624	1559366
1024	1.126828353	2112916
1025	1.042965737	2630244
1026	1.659148328	1479302
1027	1.160628777	2104519
1028	1.175482286	1981899
1029	0.8815938	3028512
1030	0.854301798	3121418
1031	1.102671648	2151626
1032	1.285081023	2326232
1033	1.110358507	2825953
1034	1.004675876	2763594
1035	1.305714939	2078854
1036	1.35332696	1741469
1037	1.517976694	1671445
1038	1.326025934	1908859
1039	0.748005239	3521265
1040	0.669958399	4401063
1041	0.995084912	2709090
1042	1.195466612	2112708
1043	1.079490599	2246235
1044	1.209543032	2204852
1045	1.335944785	1857396
1046	2.417952161	926006
1047	1.377184206	1927017
1048	1.358747668	1985659
1049	1.170118796	2280281
1050	1.143649534	2615475
1051	1.471626131	1732013
1052	1.19916	2171661
1053	1.398015436	1790012
1054	0.74423546	3433688
1055	0.840162105	3599985
1056	0.920704577	3106883
1057	1.016232095	2360290
1058	1.182686268	2283076
1059	1.311904235	1779173
1060	1.309450865	1826128
1061	1.58707423	1505416
1062	1.707224848	1492432
1063	1.541623597	1491937
1064	1.89891049	1243994
1065	1.545121806	1636024
1066	1.730902947	1183112
1067	1.447995053	1651747
1068	1.107821128	2194221
1069	1.570275776	1595618
1070	1.13696181	4340844
1071	1.192530461	1950657
1072	1.603348529	1470907
1073	1.221525871	1895720
1074	1.258534855	2087732
1075	1.00572309	2580308
1076	1.415349189	1534387
1077	1.372363915	1678776
1078	1.418341683	1685028
1079	1.63716595	1569405
1080	1.161015836	2091905
1081	1.380436243	1768244
1082	0.865118134	2706147
1083	1.08193949	2274947
1084	1.692143799	1346258
1085	1.729809746	1314432
1086	1.62601347	1591498
1087	1.724143956	1437333
1088	0.939784142	4037260
1089	1.25662874	1942602
1090	1.444570771	1750307
1091	1.123704842	2292089
1092	0.744799437	3518860
1093	0.982663588	2426209
1094	1.31535357	2090349
1095	0.814158545	3362312
1096	0.389238144	7533827
1097	0.829209269	3043311
1098	0.772984134	3400213
1099	1.34118866	1798055
1100	0.392291262	10252639
1101	0.238302673	15820930
1102	0.412949686	7327174
1103	0.286216682	8615668
1104	0.358702096	7443720
1105	0.67336478	3734365
1106	0.594587815	4494103
1107	0.912769621	2578496
1108	0.649249688	3659197
1109	0.435096708	5058071
1110	0.840828191	2912383
1111	0.715888402	3694955
1112	0.445431741	4880161
1113	0.517707631	4426420
1114	1.260663872	1614248
1115	0.672071033	3391900
1116	0.780119146	2848137
1117	0.679874966	3386967
1118	1.201827496	1754243
1119	3.418985506	583563
1120	1.092253337	2135889
1121	1.22451445	1823861
1122	1.097801582	2269592
1123	0.870527485	2671838
1124	1.145149002	1953115
1125	0.968391214	2460091
1126	1.142026142	2356757
1127	1.247760146	1892600
1128	1.141193664	2173537
1129	1.405831448	1650318
1130	1.048178159	2443048
1131	1.075520535	2041629
1132	1.156880231	1940119
1133	1.109817911	3970812
1134	1.564306809	1465151
1135	1.418858247	1529570
1136	1.353657333	1888164
1137	1.306906569	1467085
1138	1.343106391	1511141
1139	1.870900974	1176596
1140	1.322127343	1847254
1141	1.392038707	1506738
1142	0.968850511	2378882
1143	1.300232155	1640214
1144	2.530502102	963714
1145	1.254267245	1732559
1146	0.971958302	2231776
1147	1.3905375	1487065
1148	1.57371192	1444461
1149	1.555975071	1270412
1150	1.335783884	1959879
1151	1.145132281	1951709
1152	1.192652713	1798360
1153	1.124236727	2389551
1154	1.67939887	1740083
1155	1.235595267	1698702
1156	1.557686916	1529255
1157	1.243229629	2179643
1158	1.567927485	1719591
1159	1.978623469	1055402
1160	0.911722067	2631348
1161	1.290069792	1829887
1162	1.335708662	1470784
1163	1.161590015	1687219
1164	1.221336898	1832460
1165	1.191706354	1392483
1166	1.240087064	1597789
1167	1.023453729	2086088
1168	0.880308553	2461822
1169	1.493614924	1213710
1170	1.230166611	1655573
1171	0.848932923	2945671
1172	1.017338855	1907053
1173	1.248932264	1729054
1174	1.314564032	1599140
1175	1.538413281	1339812
1176	1.526587188	1277401
1177	0.888868832	2584941
1178	0.746258529	3161169
1179	1.506688936	1507482
1180	0.957356275	2370848
1181	1.08294778	2017786
1182	1.467592689	1550888
1183	1.301951855	1755954
1184	2.07667597	1028930
1185	1.416843988	1515593
1186	0.913541607	2536114
1187	1.286704096	1664963
1188	1.391958639	1701396
1189	2.507448771	948129
1190	1.604263789	1460721
1191	1.578052459	1469972
1192	1.674362474	1248522
1193	1.85681509	1164750
1194	1.391602991	1726228
1195	1.493365131	1497061
1196	1.795379823	1209678
1197	1.992237916	1008385
1198	1.012711477	3298989
1199	1.503508412	1464954
1200	1.852043776	1123812
1201	1.454822074	1413799
1202	1.618641053	1183176
1203	1.298199261	1695562
1204	1.99099836	852047
1205	1.323449958	1534395
1206	1.476299112	1364615
1207	1.370116378	1642517
1208	1.322009303	1338767
1209	1.384908282	1621423
1210	1.606205332	1364571
1211	1.301551376	1919409
1212	1.147281133	1706970
1213	1.317006504	1462842
1214	2.18999241	883698
1215	1.431991983	1547197
1216	1.125435782	2051467
1217	1.341212899	1587608
1218	1.186120807	2334623
1219	1.601773807	1492995
1220	1.403051334	1473273
1221	1.985848337	1009150
1222	1.368992837	1617495
1223	1.74409477	1458848
1224	1.828805305	1040569
1225	1.701872441	1159104
1226	1.76161845	1238216
1227	1.593350529	1412405
1228	1.754762905	1350636
1229	2.046270041	994087
1230	1.768798977	1169394
1231	1.474645833	1589231
1232	1.0710995	1958447
1233	1.225277777	1801354
1234	1.635999145	1119023
1235	1.282555589	1459729
1236	0.687757252	3215478
1237	0.885327501	2404796
1238	0.983575293	2379616
1239	1.273094787	1718563
1240	1.379901509	1458173
1241	1.422793636	1386168
1242	1.397022296	1502208
1243	1.473766524	1977204
1244	1.265081746	1695919
1245	1.023084016	2147730
1246	0.947689532	2663812
1247	1.183770952	1920426
1248	0.792218805	2747836
1249	0.806577958	2626229
1250	0.872144425	2552903
1251	0.799639479	2562074
1252	0.839489144	2872562
1253	1.160725594	1857830
1254	1.335324546	1559868
1255	1.287246009	1808633
1256	0.969893238	2544928
1257	0.693719156	3420915
1258	1.183697346	1562949
1259	1.731716868	1078888
1260	1.633417793	1133736
1261	1.511127706	1377584
1262	1.668465896	1186804
1263	1.219724176	2590452
1264	1.310663155	1518512
1265	1.853916351	1053718
1266	2.955299027	635660
1267	2.508811738	834970
1268	2.766725442	728873
1269	3.017267285	517423
1270	3.192896318	565520
1271	1.582503692	730993
1272	2.113911007	1056981
1273	1.587562023	1414013
1274	1.257262669	1729962
1275	0.950731297	2235911
1276	1.144289999	1797086
1277	1.1146408	1870635
1278	1.09827642	2058487
1279	0.918316515	2536964
1280	0.659496859	3683911
1281	0.959942265	2136579
1282	1.524991024	1585560
1283	0.954487271	2419444
1284	1.097643158	1967845
1285	0.892447374	2370689
1286	0.747924037	3286206
1287	1.143445881	1801108
1288	1.010192552	2064689
1289	1.285586116	1498298
1290	0.773302132	3830414
1291	1.165409998	2459362
1292	1.582853498	1685447
1293	0.926680025	3817480
1294	1.130465008	2543013
1295	1.935536447	1456018
1296	2.409853784	1031849
1297	2.071024386	1232739
1298	1.833731778	1199632
1299	2.29597181	1156668
1300	1.54085016	1791723
1301	2.177550614	1297453
1302	1.655151982	1611507
1303	1.964613461	1386459
1304	1.904198604	1500279
1305	2.14027694	1376203
1306	2.378746695	1523363
1307	1.881602081	1438646
1308	1.800109876	1541217
1309	1.92198833	1284673
1310	0.826206717	3612629
1311	1.800800186	1420492
1312	1.667520281	1727483
1313	1.691794378	1580698
1314	1.825102384	1703806
1315	1.628742702	1981840
1316	1.32707131	2298280
1317	1.938848173	1391887
1318	1.884744229	1491839
1319	1.933171839	1209697
1320	1.680409214	1507757
1321	0.805189326	2946657
1322	0.500556806	4522554
1323	0.365972264	6119948
1324	0.53916525	3926828
1325	0.648175984	3332574
1326	0.596710606	5027671
1327	0.962468987	2138531
1328	1.172921193	1708357
1329	1.281583769	1514108
1330	1.263189178	1636729
1331	1.697342658	1126645
1332	1.736136595	1063068
1333	1.124532196	1922601
1334	1.240998248	1939896
1335	1.317965807	1592466
1336	1.948679789	1370648
1337	2.658855331	997313
1338	1.895034637	1173464
1339	1.618273904	1692916
1340	2.127215892	1398475
1341	2.574497726	1193103
1342	2.283296307	1294736
1343	2.023824639	1311055
1344	2.24162246	1250071
1345	1.868136257	1608836
1346	1.912866576	2243199
1347	0.64534555	3792640
1348	1.038673711	1909697
1349	1.945234207	1630784
1350	2.39518265	1348406
1351	2.919616706	1005144
1352	2.773569033	991021
1353	1.939277409	1693599
1354	2.429720158	1260710
1355	2.295020941	1308169
1356	0.985170358	13104992
1357	0.919398579	8052010
1358	1.02083991	3580949
1359	1.328862637	1968376
1360	1.063510961	2152960
1361	1.693369226	1551267
1362	2.292144399	1335971
1363	1.187317558	1839357
1364	1.127479603	2170952
1365	0.871375469	2617481
1366	1.074667826	1818458
1367	1.247248846	1563433
1368	1.051273391	1982961
1369	1.1719116	2132627
1370	0.973466396	2403061
1371	1.271775507	1481947
1372	0.96558069	2376555
1373	1.010843513	2303504
1374	1.257758201	1986051
1375	2.501031361	829037
1376	1.300748141	1954063
1377	1.301098645	1698531
1378	1.522099756	1569860
1379	1.17664685	1904200
1380	1.455156181	1490493
1381	1.366420339	1647446
1382	1.268566813	1634518
1383	1.322672989	1538155
1384	1.078740051	1806492
1385	2.46237452	857915
1386	1.211276511	1749519
1387	1.477958565	1533401
1388	0.939058202	2384194
1389	0.742472616	4125714
1390	1.197810527	1724779
1391	1.25640347	1523735
1392	1.50806019	1303768
1393	1.452755299	1321399
1394	1.010699236	2066171
1395	1.867301447	1033028
1396	0.973492732	2110976
1397	0.796089383	2760467
1398	1.050365632	1690998
1399	1.214626308	1537889
1400	2.050559109	846803
1401	1.791066054	1078471
1402	1.402886659	1348239
1403	1.175477069	1662011
1404	1.189631653	1874638
1405	0.647566787	3322679
1406	0.498161859	4153813
1407	0.870830742	2388354
1408	0.950926842	1928379
1409	1.128742138	2240381
1410	0.982302385	2083525
1411	1.014747173	2358064
1412	0.921630287	2166376
1413	0.624870182	3299059
1414	1.082544063	1920883
1415	1.244035649	1480075
1416	1.405029267	1330311
1417	1.133085044	1782066
1418	1.138672898	1766652
1419	1.00709132	1926343
1420	0.878446095	2328530
1421	0.697438899	3058664
1422	0.560188742	3766084
1423	0.481960781	3952357
1424	0.304394731	6739230
1425	0.402364182	4408026
1426	0.235299973	7361412
1427	0.279175119	6693919
1428	0.275665778	6552868
1429	0.377566538	4798502
1430	0.934012625	2036191
1431	0.828702493	2506713
1432	1.115670066	1818188
1433	0.569814405	3347702
1434	0.401833625	5265600
1435	0.925024194	2165550
1436	0.715395726	2841975
1437	0.688472582	2622082
1438	0.465595001	4138533
1439	0.501484869	4057730
1440	1.231400101	1623304
1441	0.910777575	2083906
1442	0.576965703	3780211
1443	0.546266811	3184753
1444	0.657053415	2665427
1445	0.795873456	2654266
1446	0.665280933	3047524
1447	0.872546836	2321187
1448	0.906262755	2460558
1449	0.747460663	3048377
1450	0.475305754	4753260
1451	0.559365229	3951358
1452	0.568485276	3763778
1453	0.481097539	4826258
1454	0.474947851	6082646
1455	0.768633481	2863266
1456	0.78218681	2909418
1457	0.845039004	2426274
1458	0.574845702	4105800
1459	0.550883979	3325235
1460	0.36991989	6174490
1461	0.31070435	6712425
1462	0.6301732	3199084
1463	0.611183572	3661544
1464	0.650997919	2633310
1465	0.865291593	2038759
1466	0.645860379	3076720
1467	0.567031217	3407904
1468	0.39516424	5034471
1469	0.536146845	3434308
1470	0.638298218	3104761
1471	0.689054154	2921911
1472	0.715122678	2624662
1473	0.475857944	4338830
1474	0.509192452	3442912
1475	0.571440568	3195126
1476	0.881458989	2236729
1477	0.652521407	3085429
1478	0.556765402	3481024
1479	0.626729167	3101467
1480	0.735399672	2450992
1481	0.705631137	2520785
1482	0.744676328	2456893
1483	0.333452096	5678410
1484	0.465007205	3592808
1485	0.680411641	2306571
1486	0.332210353	5649477
1487	0.5660974	2997020
1488	0.384570386	4483385
1489	0.58991568	3100759
1490	0.611456104	2568269
1491	0.746610706	2132802
1492	0.352454051	5331991
1493	0.489352495	3856513
1494	0.564702207	3265031
1495	0.737007983	2264440
1496	0.580549156	2992042
1497	0.791199313	2320476
1498	0.922355726	2273584
1499	0.970813458	2266659
1500	0.714337454	2642380
1501	0.730285873	2838350
1502	0.485240388	4002425
1503	0.684385657	2933699
1504	0.805449502	2339121
1505	0.55449267	3780258
1506	0.621636889	3163520
1507	0.41634056	4768280
1508	0.593600009	2975833
1509	0.52192538	3998692
1510	0.556665629	3217643
1511	0.704309691	2824609
1512	0.5034841	3523613
1513	0.66542066	3036725
1514	0.612346389	2891025
1515	0.515262931	3757520
1516	0.615920419	2929680
1517	0.652099	2461544
1518	0.859217192	2525830
1519	0.751947027	4489694
1520	1.119150125	1672118
1521	0.930174915	1900038
1522	0.615784423	3176344
1523	1.337095026	1412570
1524	1.829787419	821509
1525	2.087857836	769200
1526	1.154333817	1514471
1527	0.894869264	1644139
1528	1.321108906	751555
1529	1.078406278	1782719
1530	0.943388778	1848845
1531	1.066191134	1775349
1532	0.807770146	2263243
1533	0.933699787	1951152
1534	0.768174521	2234883
1535	0.670506115	2697620
1536	0.796812886	2418779
1537	0.59776334	3383971
1538	0.604980663	3274333
1539	1.00137308	1778122
1540	0.844686399	2132949
1541	0.791812238	2257228
1542	0.53644732	4233042
1543	0.625225491	3282106
1544	0.438085482	3933135
1545	0.865935482	1888005
1546	1.175627135	1440515
1547	0.779886521	2582978
1548	0.937554445	1792702
1549	0.80251142	2276163
1550	0.925104847	2001378
1551	0.781179738	2485585
1552	0.997591441	2085686
1553	0.877311575	2077304
1554	1.081339894	1377706
1555	0.842534037	2027965
1556	1.012277824	1895432
1557	0.770717214	2849052
1558	0.788103106	2233883
1559	1.157447531	1573324
1560	1.127667802	1528946
1561	0.975977152	1878532
1562	0.93993094	2174463
1563	0.913814157	2720652
1564	0.954745115	1913074
1565	0.907141924	2056126
1566	0.883889786	1945148
1567	0.664701783	3123397
1568	1.1968284	1454418
1569	0.985938335	1861447
1570	1.025370158	1781342
1571	0.954559166	2000276
1572	1.091029727	1991641
1573	1.11851708	1598409
1574	1.028243207	2083856
1575	0.800289559	2483432
1576	0.958575017	1972831
1577	1.011600399	2282200
1578	1.187356082	1445673
1579	1.435114013	1241817
1580	1.185394721	1708882
1581	0.946569564	2033964
1582	1.014743337	2172346
1583	0.689656574	6097431
1584	1.118210615	1716586
1585	0.953958926	1973139
1586	1.271982183	1343415
1587	0.96089715	2187154
1588	1.154443915	1673101
1589	0.897245468	2062784
1590	1.360032303	1548712
1591	1.186450949	1484244
1592	0.884282379	2429832
1593	1.219250825	1490631
1594	0.845002105	2771696
1595	1.09238486	2054849
1596	0.652754169	3741408
1597	0.815397515	2726677
1598	0.825078825	3424036
1599	0.803104844	2860246
1600	0.819912359	3217154
1601	0.828589896	2979264
1602	0.798368013	3038731
1603	0.869649653	3069706
1604	1.116027767	1929742
1605	0.738736154	3156747
1606	0.758855751	2914162
1607	0.770991315	3043608
1608	1.089671957	2130312
1609	0.961041114	2238125
1610	1.128059718	2463656
1611	0.932693035	2349723
1612	1.417291403	1662673
1613	0.878750972	2409520
1614	0.837647742	3192997
1615	0.877834209	2444941
1616	0.872201254	2743253
1617	0.865033602	2941913
1618	0.512749278	5474897
1619	0.544762923	3781599
1620	0.878945139	2361190
1621	0.769007547	3488044
1622	0.653930584	3273204
1623	0.731518447	2955825
1624	0.983376793	2269146
1625	0.794414226	3923275
1626	1.313827637	1729896
1627	1.03192498	2425868
1628	1.024447626	2595949
1629	1.132676325	2269389
1630	1.072572708	2199393
1631	2.028092386	1111421
1632	1.322783859	1850875
1633	0.775629406	3431385
1634	1.037364804	3153009
1635	0.54080267	5080117
1636	1.158121687	2248310
1637	1.229108089	1965353
1638	0.872739052	2883860
1639	1.058823162	2268233
1640	1.293818035	1917605
1641	1.063053725	2429784
1642	0.942381715	2362191
1643	1.393495607	1909594
1644	1.041946704	2775279
1645	0.727078945	6029426
1646	0.814324326	2849494
1647	0.921397954	2705265
1648	1.165232373	2045915
1649	0.898565542	3019161
1650	1.11875134	2164039
1651	1.119773103	2131017
1652	1.29361199	1832163
1653	1.654731541	1565314
1654	1.160662084	2230400
1655	0.734871975	4065214
