N	MeanD	Volume
1	9.36734377	703965
2	4.19902565	1929284
3	4.388013614	1850830
4	6.230506198	1212952
5	4.842556852	2010258
6	4.065643402	2137779
7	4.589378264	1910191
8	4.445879194	2361518
9	4.026171303	3087355
10	4.237562619	2165820
11	6.444322418	1206080
12	4.64571207	2332208
13	4.043649085	2346488
14	4.879654534	2002956
15	3.357805116	3865499
16	3.540031367	2377223
17	4.473627208	2615116
18	2.224877741	5899330
19	3.407965009	2653228
20	3.032040018	3289304
21	4.655230569	1639425
22	4.031691883	2413061
23	3.162009182	2761075
24	2.83524061	3519999
25	2.644585886	3533330
26	4.125880684	2295176
27	3.245358266	3331991
28	4.355877105	1962607
29	3.677680248	2235303
30	2.606212424	3672745
31	1.816156515	5238054
32	2.363294116	4226919
33	3.502645072	2416813
34	3.255009366	2694436
35	4.937731106	1868059
36	5.319758601	1619818
37	3.848498463	2418137
38	3.79786449	2476997
39	4.723882855	1811564
40	4.521754824	1739074
41	5.285092475	1634296
42	1.812550964	5056973
43	3.960848764	1745245
44	2.98231462	2370661
45	4.05745901	1559620
46	3.591182523	2239424
47	3.637036838	2193971
48	2.768406399	3314024
49	1.976722312	5487055
50	3.134945243	2688359
51	6.247126767	1354940
52	1.663095137	6974558
53	1.248386096	10281229
54	1.906407633	6098706
55	2.231130161	5663148
56	3.684034416	2293903
57	4.673624261	1734550
58	1.874049414	5722582
59	2.437366895	3874336
60	2.316593147	3947431
61	3.138333743	2491403
62	2.894589628	3019489
63	3.974195277	1572790
64	4.201501927	1977214
65	3.855195568	1711476
66	4.451490744	1823856
67	3.973688321	1686103
68	4.309213595	1981087
69	3.063444463	2598897
70	2.536782692	3611667
71	3.931851551	1997353
72	2.892214276	3356264
73	3.082461975	2157601
74	4.405473476	1731376
75	3.985527516	1586734
76	4.23984147	2020988
77	3.327358989	2046672
78	4.716597994	1752571
79	5.785733871	1059344
80	3.439689343	1792906
81	4.317304372	1389427
82	3.404185258	1881564
83	3.452163053	2241913
84	3.134271873	2234537
85	2.252326998	3535089
86	3.89404536	2213138
87	5.23121545	1447125
88	3.598340039	2952629
89	3.885154079	1960135
90	3.502228404	2258296
91	4.306012088	1829118
92	1.692048334	5574187
93	1.984776751	4498059
94	3.609764602	2072182
95	2.362727498	3529201
96	2.026121227	3587788
97	3.271397885	2309756
98	2.769512011	2470340
99	2.7185368	3408700
100	2.652236104	2956806
101	3.933834979	2173832
102	2.453842944	3897183
103	7.63550934	691034
104	3.587220463	2297566
105	3.575415791	2215447
106	3.276647485	2110282
107	3.080780257	2264207
108	4.803383611	1492507
109	2.669690569	3119421
110	3.381729059	2297622
111	2.356595151	3902232
112	3.757403487	2388579
113	3.989755248	1943098
114	2.012311643	3753456
115	2.821564693	2769658
116	3.314428393	2872612
117	2.765838332	4624626
118	4.031352785	1892800
119	3.369069004	2679703
120	3.505813263	2437915
121	5.139067127	1522879
122	6.204691785	1244174
123	6.341898389	1084902
124	4.922615393	1448655
125	4.954049655	1761872
126	3.9258187	1968862
127	4.417260375	1709299
128	5.344484302	1187208
129	6.898862242	1120228
130	4.899821544	2007146
131	3.729345829	2425962
132	3.666798056	2563054
133	5.171186856	1306585
134	4.236215521	2122055
135	4.178491223	1773889
136	2.903782089	3311490
137	4.848888889	1419993
138	3.503439564	2004935
139	2.89829208	1721476
140	3.243347349	2060414
141	3.491895464	1641872
142	3.171393143	2172105
143	3.455410933	1724933
144	3.300758949	2086249
145	4.015584609	1780340
146	2.615751756	3361337
147	3.509071091	1917479
148	3.502853922	1981331
149	2.975683005	2193764
150	1.781829163	6999843
151	2.355408256	4228254
152	3.507522029	2137048
153	3.460158989	2466088
154	4.918067621	1706348
155	3.464242712	2230714
156	4.335460313	1833271
157	4.753229495	1869253
158	5.803340925	1348478
159	4.956218397	1555349
160	3.827739487	2458531
161	4.47102227	1870699
162	4.122530459	1905775
163	5.617878034	1301476
164	4.382163743	1661683
165	4.418754405	1840701
166	4.359747749	1868002
167	4.349007996	1738021
168	6.400594278	1045091
169	4.935993792	1224823
170	4.424966416	1369893
171	4.893098758	1133941
172	5.712609917	1340731
173	5.060550083	1685193
174	5.771078274	1199795
175	4.132885646	2037912
176	3.598613113	2620474
177	5.091853739	1296947
178	4.63246153	1624361
179	3.914962109	2144067
180	4.095487048	2428944
181	4.434038371	2069715
182	2.400878178	6519721
183	4.622502271	1572764
184	4.28813851	1520379
185	4.107698931	2213504
186	2.786613444	2802388
187	4.165583878	1908856
188	4.411364071	1801077
189	3.774202716	2025266
190	3.770515855	1718807
191	4.588200821	1407449
192	3.085932922	3096825
193	3.662043909	2041718
194	4.251740075	1747524
195	3.615192482	2017603
196	3.824182549	2022283
197	4.90387558	1477225
198	4.343071192	1681142
199	3.674214865	2488883
200	4.532165626	1576571
201	4.04764551	1773418
202	2.735409332	3258094
203	2.791921531	3265323
204	3.063145709	2886784
205	3.847548058	2241089
206	2.264762719	4401298
207	1.909359488	5661385
208	2.795432839	2976109
209	3.352468005	2196897
210	3.396589616	2375197
211	3.286981747	2397220
212	3.077816855	2160185
213	2.929384811	2671201
214	4.276933816	1799372
215	4.498848848	1823526
216	1.954090593	5280121
217	3.188706625	2090670
218	3.30622441	2053221
219	3.57785243	2453544
220	2.781581625	2872600
221	3.623332386	1936835
222	3.631916643	2326876
223	4.462037182	2008123
224	4.712745099	1904534
225	3.776197571	1989702
226	3.236856546	2904582
227	4.164952751	2030748
228	5.201843403	1180264
229	4.78424867	1672603
230	4.354594949	1891452
231	7.273345231	1075538
232	1.861294652	5092012
233	2.153602374	3777584
234	2.384808424	4070771
235	3.253297812	3009150
236	3.25316888	2397304
237	2.505387086	4197194
238	3.911748899	2341297
239	2.507738094	3733200
240	3.259573733	2360428
241	3.492301833	2666780
242	3.095669298	2667192
243	3.496231759	2163744
244	3.531331738	1852694
245	4.088035896	2144245
246	4.201500633	1744401
247	3.589270508	3997800
248	5.482658704	1144164
249	4.594363083	1864878
250	4.445736913	1329287
251	4.865658146	1387561
252	5.901538879	1092555
253	7.105163072	975483
254	7.421578208	978563
255	8.140119636	462631
256	5.65465731	1418709
257	3.551208425	2071463
258	2.939677993	2860117
259	3.926703539	1952370
260	4.509856394	2009859
261	3.521812294	2278669
262	3.286695359	2240951
263	2.873875254	2577672
264	4.069293183	1902628
265	4.738656556	2055816
266	4.722262546	1737034
267	2.640640433	3233229
268	2.022187839	4701055
269	2.465571928	4569104
270	3.562531924	2220814
271	3.464491249	2000780
272	2.298565167	4255378
273	2.244925892	3950689
274	2.080981918	3257845
275	2.330805578	3473511
276	2.658323082	2647402
277	2.759832413	2712029
278	2.700173433	2393200
279	3.230915294	1967241
280	4.049900171	1533004
281	3.434161947	2456129
282	1.780862852	7548309
283	1.790131656	5677104
284	2.55787907	3901086
285	3.316280251	2542209
286	3.031093081	3155021
287	2.52581499	3775130
288	2.959880663	2619004
289	4.422770542	2006577
290	3.495494286	2819309
291	2.319600129	4516831
292	2.710436711	3232518
293	2.742474421	2214927
294	2.68839378	3060407
295	3.096796338	2229890
296	1.8557217	5136898
297	1.564385227	4906682
298	1.709755155	4275558
299	2.22442837	3098309
300	1.429738286	6333026
301	2.24466862	3440218
302	2.387621214	3375370
303	1.582688809	6449780
304	2.338572446	3667891
305	2.734357874	3259442
306	2.788280458	3338513
307	1.443796391	6442031
308	1.957363746	4338677
309	1.938073741	6224723
310	3.129553794	2781597
311	2.319914612	3995840
312	1.806426572	6276524
313	2.132935646	4387259
314	2.108327544	4718716
315	2.417158922	3185961
316	3.072036099	2338296
317	2.740427199	2501300
318	3.103965306	2710750
319	2.677846369	3167377
320	2.816611662	2624922
321	2.414226378	3542634
322	2.240441001	4006788
323	2.559990457	2171296
324	3.089484024	1890614
325	2.520393705	2559082
326	2.18892533	3412093
327	3.067357197	2780883
328	1.79375091	4693555
329	2.056001116	3578185
330	2.101546059	3987314
331	2.37199409	3256394
332	2.73585695	3257112
333	2.132587755	4154643
334	1.854875794	4002565
335	2.594358982	3101881
336	1.821475664	4501327
337	2.681556449	2674028
338	3.117928701	1945671
339	2.467543417	2942506
340	1.311232277	7939556
341	1.130744231	8227246
342	2.054622329	2678004
343	2.675532092	2631001
344	2.993680214	2723969
345	1.570753209	7014626
346	1.389314667	5915765
347	1.362897794	7324734
348	1.793956162	4576666
349	1.79368963	4590742
350	3.747251372	2094330
351	2.684475603	3567113
352	2.374892524	3228260
353	2.611921132	2479893
354	2.660911567	2736742
355	2.271806743	2873533
356	2.441368535	3251716
357	2.456548709	3459249
358	2.464710698	2792746
359	2.061966632	3641421
360	2.073395131	3803331
361	2.409471237	2896001
362	2.19994614	2861400
363	1.680991867	3921153
364	1.8320638	3504023
365	1.680860595	3876378
366	2.661283632	2680909
367	2.442296878	2315514
368	2.311693643	2893997
369	1.938886416	4010464
370	2.191987896	9344025
371	2.907667845	1985443
372	3.040547105	2154477
373	3.06658534	2101562
374	2.420477367	2445909
375	2.939417713	2158173
376	3.18209301	2005009
377	2.458162356	2974614
378	2.140219184	3329249
379	2.561113204	3013087
380	2.911343022	2302990
381	4.758314335	1047417
382	3.273004301	2324127
383	3.060056498	1866236
384	2.60853344	2463194
385	2.375065752	3066208
386	3.193240322	2160160
387	2.343379233	3117284
388	1.741939433	4996168
389	2.107434397	3824126
390	2.81928058	2208255
391	1.979429171	4736470
392	2.07328506	3847605
393	2.325777975	3069721
394	2.887982122	2193341
395	2.501679015	3688162
396	3.150432226	2178131
397	2.759282686	2388767
398	1.571466824	4281088
399	1.529141213	4409890
400	1.39669614	4082174
401	1.936966865	3262670
402	1.83515705	3797176
403	0.74768333	9865354
404	1.270156351	4586965
405	1.589167291	3886028
406	2.014274971	3447394
407	1.703736395	4769616
408	1.765941314	4332262
409	1.319565916	5518703
410	1.28800592	5334260
411	2.211415943	3035761
412	2.761550316	2384077
413	2.19570288	2738525
414	1.253425994	5095066
415	1.351264975	4848807
416	2.985226457	1830577
417	2.121720057	2691439
418	2.428289354	2488678
419	2.841354887	2252837
420	4.29295758	1252300
421	4.083911592	1387135
422	3.250320421	2019485
423	2.678980313	2975211
424	3.239839349	1743775
425	2.399141649	3014044
426	2.848990764	2409576
427	2.631826567	2080477
428	2.30461328	2500028
429	2.895289897	1880005
430	1.846688164	3499809
431	2.205873149	2920312
432	2.169514954	3330212
433	2.017827329	2909090
434	2.024744604	3374735
435	3.004292144	2113645
436	2.805413316	2215779
437	2.188666651	2903149
438	1.324002497	5173452
439	1.904974459	3726761
440	1.493877801	7856066
441	1.344982892	5698963
442	1.757032536	3639749
443	1.083013343	7856013
444	0.657199132	17060627
445	1.086425841	7121799
446	1.995771164	3622614
447	1.9049509	4003840
448	2.483424357	3073502
449	2.225598116	3233188
450	1.763804235	5119034
451	3.048594954	2184787
452	3.029403898	2004823
453	3.377594693	1696200
454	2.300987261	2898812
455	3.462718213	2033840
456	4.248249165	1524264
457	2.763848845	2146049
458	2.561127866	2581039
459	3.13053662	1915089
460	2.90433896	3148633
461	2.121927859	3217639
462	2.685050584	2744982
463	2.56834686	2608412
464	2.317614187	3469667
465	2.409060314	2698025
466	2.024903103	2919565
467	2.80747494	2079176
468	2.67209456	2339799
469	1.936774649	3467531
470	1.67723111	3647418
471	2.224602021	3099657
472	0.843740634	9920227
473	1.030588748	7394762
474	1.678990317	3881447
475	1.707259074	4192162
476	2.277620825	2311498
477	2.026169872	3538040
478	2.326459514	2801361
479	2.520941013	2547655
480	2.215927302	3714664
481	2.303008569	3088442
482	2.011160223	3621442
483	1.661789659	4680243
484	2.390047912	2200489
485	2.15889991	2742839
486	2.636795336	2406358
487	1.71210942	3339834
488	1.710391876	3932721
489	2.498235755	2657521
490	1.684068364	4737662
491	1.881353828	2836115
492	2.089338417	3545196
493	3.242643555	1921290
494	2.033691703	2045465
495	2.315781746	3447077
496	2.467578626	2982074
497	2.295872233	2831227
498	1.621093683	4076767
499	1.548386965	3542200
500	1.926503491	3144305
501	2.330257882	2898369
502	2.058947677	3361287
503	2.372222223	2669505
504	3.351648593	1981537
505	1.530114915	6847641
506	2.958125823	2584011
507	1.81283301	1846515
508	2.062429104	3744760
509	1.786083246	3753887
510	1.28702574	5609870
511	1.071117129	7928220
512	1.660261553	4351957
513	1.394862911	5068143
514	1.739095872	3326340
515	1.506632055	3812327
516	1.75636741	4615982
517	1.3492187	4796353
518	1.138058197	6054467
519	1.053523352	6791647
520	1.278710996	5181773
521	0.649549588	9224609
522	0.624350416	8548554
523	0.78388822	6901366
524	0.828238709	7000473
525	1.221658803	5709220
526	1.769891351	3367047
527	1.627242538	3371805
528	1.641130162	3809412
529	1.718234597	3758909
530	1.735879706	3290763
531	1.590600595	4190583
532	1.219361753	6310223
533	0.873749885	8646632
534	1.344380856	4543955
535	1.69595176	4242918
536	1.723209683	3927967
537	1.397241927	4559299
538	1.54872358	4666785
539	1.663272512	4690117
540	2.015857338	3377899
541	2.482492286	3131615
542	1.701193822	4375891
543	2.022540353	3039017
544	2.363210788	2171431
545	1.372037217	5260079
546	2.412378632	2637714
547	1.453465037	4270622
548	1.814437087	3906332
549	1.797620231	4395847
550	1.964166217	3374576
551	1.771505074	3470554
552	1.602800359	3930550
553	1.948212722	3551208
554	2.40248538	2786909
555	1.712739007	4120938
556	2.326169848	2386086
557	1.299588559	5592059
558	1.735092935	3877603
559	0.923238849	8787331
560	1.076501506	6484850
561	1.112079553	5770631
562	1.187206852	7089306
563	1.222080243	6115574
564	1.040018714	8353334
565	1.79890059	3223381
566	1.90058713	2612822
567	2.289535141	2658152
568	2.472893135	2458879
569	2.24897107	2795813
570	1.682191284	3825011
571	1.690691488	3589345
572	1.608088469	3051733
573	2.363404692	2399904
574	2.499623256	2427250
575	3.029261042	1669022
576	2.814789667	2042461
577	1.643771844	3373792
578	1.439538701	4186941
579	1.584778316	4359043
580	2.158415856	3071866
581	1.421317876	6161520
582	1.816742143	3492984
583	2.130320706	3745778
584	2.179544049	2549691
585	2.043895575	2941180
586	1.837907645	3426221
587	1.987691358	3904973
588	1.074130952	6160994
589	1.515829914	4104483
590	1.38560204	5952154
591	2.035671552	3021232
592	1.265731236	5033551
593	3.637051464	1635355
594	1.676092152	3631216
595	1.678703887	4380415
596	2.235300645	3063194
597	1.834224344	3761658
598	3.547816762	1898020
599	3.297086083	1689477
600	2.720696311	2204128
601	2.533394141	1990412
602	1.683666402	4397095
603	2.35117519	2910199
604	1.890843969	3332955
605	1.488720334	4596323
606	1.692908781	4947777
607	1.826622012	2811421
608	4.911965637	1127119
609	1.875120091	2859581
610	1.930689836	3408546
611	1.534856769	3162515
612	1.711814457	3385030
613	1.7995389	3454585
614	2.729947837	1796082
615	1.995690854	3321366
616	1.708801623	3731274
617	1.368404064	5080552
618	1.520110794	3999593
619	1.755947235	3788425
620	1.754379001	3904068
621	1.987953386	3155195
622	1.677793382	3812842
623	2.48531963	2441230
624	2.181186816	2836394
625	2.036529942	2807864
626	1.836129425	3604411
627	2.09911973	4919833
628	2.083900957	2750556
629	1.16173766	6154950
630	1.91103845	3165124
631	1.700295174	3733493
632	1.579900923	3987851
633	1.634838208	4000068
634	1.728160894	3325610
635	2.039924704	2996170
636	1.453316862	4002742
637	3.818744132	1563783
638	2.513419758	2559671
639	1.742680968	4186997
640	1.731594947	3180392
641	2.46624492	2357568
642	1.49912087	4537048
643	1.646944282	3772022
644	1.058383275	7648403
645	1.382382283	5919820
646	1.346099392	5674918
647	1.772844931	4004977
648	2.715789479	2175559
649	2.108761071	3141965
650	1.403775639	4517291
651	1.013905472	7237892
652	1.386503138	3828422
653	2.313619132	2790937
654	1.529674703	4132865
655	2.440447718	2578059
656	1.806181472	3691611
657	0.679773603	13159386
658	1.213149774	4912987
659	0.995795269	5110903
660	1.519826861	3579128
661	1.346764455	3701917
662	0.839640806	7459946
663	0.9320771	7043510
664	0.959053905	5929758
665	0.867275409	7241574
666	1.362382651	4104349
667	1.402469259	3946478
668	2.323595684	2475854
669	1.996175856	2782579
670	2.393170063	2744843
671	1.80444828	3139755
672	2.431440038	2438377
673	3.486039615	1927641
674	2.071949524	3071647
675	2.498372212	2466531
676	2.032246345	2969581
677	2.197675316	2447218
678	2.619969242	2493143
679	1.127166947	5319200
680	1.648077271	3110793
681	1.388990608	3627889
682	1.393866561	3915009
683	1.319131671	4201244
684	1.434765007	3986830
685	1.827865929	2797991
686	1.620938594	3124079
687	2.05702353	2456602
688	1.311963021	4371548
689	0.806144645	6434359
690	1.167222069	5134523
691	0.954736614	6434797
692	0.558649775	11143654
693	0.948718271	6077698
694	1.084028186	4556664
695	2.084934411	2518077
696	1.62166948	2985203
697	1.64403485	3171298
698	1.369859432	4088482
699	1.086987453	5349525
700	1.041735319	5023495
701	0.850072313	6608503
702	1.331853187	3633612
703	0.830980367	6165643
704	0.704848155	7515593
705	0.642376792	8401123
706	0.764073225	5992922
707	0.404271334	14005104
708	0.899346466	5589573
709	0.852203918	5591989
710	0.931135099	5863213
711	0.735783219	6174332
712	0.848877821	6370848
713	1.251011438	3630969
714	1.300667273	3761324
715	1.174959197	4645750
716	0.957759489	6020869
717	0.788418799	6081847
718	0.933841602	6015619
719	0.738572419	8872458
720	0.920204355	6639454
721	1.104704083	5328119
722	1.294953337	4766230
723	1.448119626	3572913
724	0.657911256	9603232
725	0.841872165	5949886
726	0.939360337	5247623
727	1.531892396	3049355
728	1.179311673	3959110
729	1.285543158	3762668
730	1.287007061	3066447
731	0.92885239	5468639
732	1.242484642	3675811
733	1.357359934	3815223
734	1.461586291	2926857
735	0.821891447	6056771
736	0.927063877	4743637
737	0.66826626	5982269
738	1.022550041	4050616
739	0.859281812	4491289
740	1.106373513	4682378
741	2.264211025	2136987
742	1.535736993	3178070
743	1.48268108	3255265
744	1.375997057	3927040
745	1.283737931	3980495
746	1.372859329	3698068
747	1.706579896	2805733
748	1.568956092	2412623
749	1.400549649	2832267
750	1.213879047	3455179
751	1.915895028	2130221
752	1.247924843	3742308
753	1.8380767	1805110
754	2.14859685	2098870
755	1.801292958	2113358
756	1.653417364	2061927
757	1.226395387	4789060
758	1.573895738	2561672
759	2.314125383	1754373
760	2.874463069	1206072
761	2.044727685	1028262
762	3.337060639	1544577
763	1.917087314	1898279
764	1.784676296	2414655
765	2.108228674	2036254
766	1.878968799	2133115
767	1.734214012	2964302
768	1.517945754	3458672
769	1.66361579	2798936
770	1.395619662	3959019
771	1.565632441	3052051
772	2.016938177	2185074
773	2.263937296	2017353
774	1.703856557	2596364
775	1.417217956	3393587
776	1.319426269	3248167
777	1.517213141	3416019
778	1.832878499	2341376
779	1.818459639	2840467
780	1.344991865	4685591
781	1.138812552	5447399
782	1.660132646	2888816
783	1.375352236	3624109
784	1.440658343	3477489
785	1.348874863	4148533
786	1.357856686	3708589
787	0.913321006	6834432
788	1.250008587	4301404
789	1.252192459	4375584
790	1.778639202	2339717
791	1.304753693	3467383
792	1.273127341	4319842
793	1.381531233	3573599
794	1.273467746	3855833
795	1.648788638	3007797
796	1.58875013	2732634
797	1.588868537	3300551
798	1.762951604	2779946
799	1.343709341	4082880
800	1.565853961	3576993
801	1.69587913	2971565
802	2.100560914	1920039
803	2.112164363	2075596
804	1.793933189	2350618
805	1.294631098	3578351
806	1.567757522	2832483
807	1.107171365	4113170
808	1.528644446	2611665
809	1.218705071	3300065
810	0.743654258	6919043
811	0.624763683	9881943
812	0.902222934	4040245
813	1.307012906	3358137
814	1.829838132	2507989
815	1.61377705	2720693
816	0.988571105	4475202
817	1.51665491	3412060
818	1.715796751	2489337
819	1.190982268	3311184
820	2.027169175	1936088
821	2.353538398	1961364
822	1.001355174	4960511
823	1.261486233	3728469
824	1.486069957	3226248
825	1.432792536	3682270
826	0.587080154	10315795
827	0.678395412	8460431
828	0.831762351	5133141
829	0.833864622	5156964
830	1.160534955	4651572
831	1.679423799	2357577
832	1.543576496	2479803
833	2.458218476	1393782
834	1.936095543	2224016
835	1.474019948	3168505
836	1.624820977	2325161
837	1.751283892	2203177
838	1.483538756	2688233
839	1.140445303	3105582
840	1.803551439	1975030
841	1.960920989	1837376
842	1.531239186	2770601
843	2.293084045	1504785
844	1.677827694	2507899
845	2.668686685	1489998
846	1.358778444	2465860
847	0.89676797	4473181
848	1.400351802	2648561
849	1.13898389	3590653
850	1.834553517	2275578
851	1.346155969	2765865
852	1.627014182	2524449
853	1.694964592	2949690
854	1.763416702	3128362
855	2.026397108	1903597
856	1.322052297	3159981
857	1.868790387	2278185
858	2.703512266	1313901
859	2.619564312	1298960
860	5.627328181	673817
861	1.754974555	1977085
862	1.663158498	2461242
863	1.682711733	2397522
864	1.734676965	1943445
865	1.745779445	2376189
866	1.61302506	2481211
867	2.04992236	1733238
868	2.845276382	1198261
869	1.172812255	3407288
870	1.191653305	2951305
871	1.643454945	2691732
872	1.536910728	2629472
873	2.577133056	1641982
874	2.120792433	1589760
875	1.846170444	1883381
876	2.04677126	1789777
877	1.598225085	2680319
878	1.423310522	2872454
879	1.41566302	3608058
880	1.353012688	2776022
881	1.686731203	1835988
882	2.162139828	1626497
883	2.059850407	1766465
884	2.926086527	1146088
885	3.524955641	1012716
886	2.519626498	1354653
887	2.741572191	1141593
888	1.8075681	1952156
889	4.138921903	882996
890	2.376472651	1479567
891	2.414177398	1708310
892	1.982091497	2525114
893	1.821530725	2254378
894	2.98017947	1270935
895	2.885528193	1265791
896	1.229693033	3724479
897	1.189473295	2678300
898	1.795065029	2049475
899	1.842755965	2176380
900	1.782536469	2039849
901	1.637578531	2236627
902	1.952895503	1726345
903	2.139266799	1657183
904	2.650592143	1454819
905	1.863375904	1746968
906	2.649484289	1206866
907	1.816859203	2065608
908	2.715779358	1471072
909	2.132287102	1646601
910	1.692390548	2057562
911	1.302482624	2858861
912	1.994132898	1659070
913	2.409307445	1370468
914	1.549618905	2271604
915	2.105887882	1596077
916	1.608332649	2102716
917	2.185650887	1282177
918	1.903319142	2240941
919	2.346857657	1592947
920	2.597337799	1465720
921	3.299439482	1136711
922	2.670347812	1501579
923	3.077590201	1292785
924	3.051659481	1681380
925	3.442768095	1093397
926	3.155369544	996302
927	3.161834555	1015007
928	2.412657784	1436506
929	3.314309967	954104
930	5.187686145	679330
931	2.233355392	1735493
932	2.038658973	1816630
933	2.322401763	1513382
934	1.587132572	2553560
935	2.813391392	990829
936	2.825742589	1167401
937	0.860153583	5411957
938	1.318140376	2764103
939	1.995901895	1692123
940	1.397784452	3552694
941	1.551607955	2328155
942	2.059158386	1882469
943	1.660841701	2204570
944	1.527288994	3026743
945	1.608894149	2435460
946	2.087781192	1690357
947	1.710100868	1864870
948	2.166999078	1635493
949	2.223978912	1441990
950	2.17285365	1820541
951	2.125540055	1525968
952	1.262043722	3032418
953	2.065893387	1831740
954	1.582814415	2860731
955	1.810786148	2202967
956	1.914022741	1894046
957	1.920608248	2167163
958	1.425908043	2121931
959	2.378149003	1575163
960	2.677053928	1514265
961	2.621157994	1341354
962	2.096202356	1808307
963	1.832542062	1967625
964	2.241709176	2119873
965	2.018226271	2178222
966	1.159083015	3131624
967	1.317198235	2986069
968	1.754867021	2091051
969	1.461597378	2574546
970	1.485221163	2437055
971	1.104668927	3178193
972	1.024705636	3793530
973	1.329808077	2956650
974	2.041602527	1720275
975	1.832280942	1951660
976	0.75428456	6500808
977	1.319753053	3651675
978	1.322023282	3301903
979	1.978579405	2165606
980	2.928995173	1316611
981	1.675014291	2924011
982	2.331636862	1952137
983	2.303434863	1813144
984	2.322618233	1688259
985	2.081134792	2076814
986	2.361655317	1572737
987	3.522630643	1039142
988	2.932598534	1398564
989	2.08720836	2313951
990	1.832225831	2362112
991	2.006942083	2117261
992	1.366270339	2744403
993	1.979999675	2096555
994	2.082108635	1995529
995	2.011720353	2104366
996	2.024072949	1879220
997	1.764717779	2624719
998	1.939873159	2230242
999	2.385921768	1885660
1000	2.626622102	1415796
1001	2.159893874	1959338
1002	2.680641045	1484726
1003	3.096691368	1453479
1004	3.054261822	1472394
1005	2.661744987	1658852
1006	3.19654962	1336129
1007	2.893604018	1658934
1008	2.484484892	1581170
1009	2.315213366	2428703
1010	2.546088304	1644513
1011	3.608837793	996653
1012	4.640167184	842586
1013	5.725649023	708120
1014	4.772638264	739162
1015	5.210868385	391320
1016	2.602741343	1522454
1017	2.773470317	1367805
1018	2.220368506	1949660
1019	2.523817235	1594496
1020	2.684369731	1378049
1021	2.087470319	1750567
1022	1.530303303	2687979
1023	2.076579211	2068192
1024	2.043788031	2473690
1025	2.168911518	2305999
1026	3.651962246	1258070
1027	1.942500318	2369088
1028	2.091436427	2122495
1029	2.016970757	2457407
1030	1.854066065	2908571
1031	2.704649091	1677889
1032	1.789996312	2717596
1033	1.899364155	2679504
1034	1.104227654	4305461
1035	1.150754549	4249048
1036	2.021912765	2098943
1037	1.634242298	2169651
1038	2.308332201	1971015
1039	2.020157786	2133851
1040	1.67025538	3125022
1041	1.598367292	3071627
1042	2.580550411	1977717
1043	2.609730327	1981171
1044	1.603687097	2808099
1045	1.614115705	3401841
1046	2.819664581	1800959
1047	2.328498219	2229201
1048	2.496464824	1912586
1049	1.441032445	3978862
1050	1.933455308	2797356
1051	2.675382471	1818696
1052	2.192114454	1924227
1053	2.426232778	1970681
1054	2.393953593	1901263
1055	3.118795615	1525631
1056	2.910844811	1624454
1057	2.165396877	2294088
1058	2.848845793	1558897
1059	2.912364874	1572459
1060	2.259106605	2055692
1061	2.704646431	1912212
1062	2.416179843	1999773
1063	2.36193107	2075523
1064	1.554984865	3766336
1065	2.696742086	1638857
1066	3.22201157	1441768
1067	3.445843253	1341509
1068	2.206306442	2146872
1069	2.134758785	2513781
1070	1.902762348	3645730
1071	1.737804136	2747004
1072	1.405759361	3696158
1073	2.233063516	2140942
1074	1.752516616	2251001
1075	1.836727281	2414845
1076	2.110193258	1944387
1077	2.641415146	1526383
1078	2.111901545	1962010
1079	1.472145672	3478897
1080	1.690961828	2447370
1081	2.135895968	1688379
1082	2.05917468	2110663
1083	3.069918555	1202887
1084	2.874016389	1511716
1085	2.388588464	1866314
1086	1.910418604	2568281
1087	2.134747355	2014680
1088	1.61861794	3761618
1089	2.431145775	1647353
1090	1.250700242	3845031
1091	1.865331394	2245828
1092	1.989158274	2150923
1093	2.009566637	2105462
1094	2.777164561	1590616
1095	1.61787007	2832682
1096	1.389069546	3545321
1097	1.754759977	2425413
1098	2.357599354	1824405
1099	3.998151155	900196
1100	1.215703094	3092695
1101	1.258863987	3122476
1102	0.980102235	4047846
1103	0.659786415	6214709
1104	1.001722486	4520226
1105	1.274049734	3650623
1106	1.301504058	3676551
1107	1.513297739	2987800
1108	1.182019021	3548226
1109	1.127842999	3252919
1110	1.68525842	2860431
1111	0.764381566	6061817
1112	0.851372443	4504527
1113	1.025931828	4340443
1114	1.716653751	2143347
1115	1.167755315	3438663
1116	1.671242489	2505562
1117	1.655416449	2204007
1118	2.038511877	1650788
1119	6.653360525	546242
1120	1.882540202	2165503
1121	2.003882466	1922958
1122	1.921335031	2142683
1123	1.437667786	2832234
1124	1.704361586	2111285
1125	1.568426952	2210061
1126	2.154500719	1821799
1127	1.043212161	3747178
1128	1.423491823	2445413
1129	1.501174601	2610988
1130	2.012866205	1808822
1131	1.47132001	2813969
1132	1.723865088	1927040
1133	1.388855522	3760205
1134	1.254315888	2770550
1135	1.942400572	1858063
1136	1.690453053	2000069
1137	1.226222342	2649374
1138	1.22773415	2705857
1139	1.690980132	2199113
1140	1.752765964	1736237
1141	1.383438444	2094555
1142	1.233101826	3386289
1143	1.46503513	2435500
1144	2.908187917	1010354
1145	2.437884804	1446290
1146	1.554475213	2334003
1147	1.483218923	2515057
1148	1.680869755	1989160
1149	2.610912406	1168879
1150	0.675856809	7462339
1151	0.931449771	4854334
1152	0.874881071	4498022
1153	1.005098423	3476536
1154	1.835345015	1884913
1155	1.681263172	2239609
1156	1.70378753	1943937
1157	1.49721806	2013745
1158	1.738747441	1597449
1159	1.748965041	1505267
1160	1.33454215	2496463
1161	1.488691103	2116230
1162	1.835797049	1611519
1163	1.770236897	1827385
1164	1.77709954	1604192
1165	0.840038477	4741459
1166	1.003259557	2856738
1167	1.082748414	2908956
1168	1.049874971	2796356
1169	2.106321288	1225801
1170	1.42244881	1803630
1171	1.940256449	1362206
1172	1.064349809	2979731
1173	1.587097871	1786002
1174	2.101216858	1197577
1175	1.413877882	2650832
1176	1.697929802	1800558
1177	1.30228336	2330557
1178	1.866620431	1709217
1179	2.487796661	1064827
1180	2.474603013	1240291
1181	1.217990812	2370540
1182	1.937854798	1671945
1183	1.751061034	1728570
1184	3.54659902	877195
1185	1.573985274	2273471
1186	1.096429817	2783527
1187	1.702434257	1790477
1188	1.269361676	2237427
1189	2.692235958	1178282
1190	1.591635745	1901985
1191	1.579083922	2053063
1192	1.083610614	3035279
1193	0.936429779	3711266
1194	1.377450753	2154339
1195	1.34288267	2377364
1196	1.154973216	2680794
1197	1.320209909	2325766
1198	0.845547923	4507548
1199	0.940757505	3508771
1200	1.208599174	2544529
1201	1.202372926	2643625
1202	1.324863581	2221854
1203	1.039261797	3326678
1204	1.608975217	2014209
1205	1.350305612	2566301
1206	1.149345824	2963364
1207	1.396359563	2542367
1208	0.769011894	4208608
1209	0.844528021	2902308
1210	1.257313527	2293496
1211	1.18911958	2571632
1212	1.218477123	2241960
1213	1.323717453	2170745
1214	2.125934823	1327458
1215	1.56473486	1967930
1216	1.138305678	3039707
1217	1.517724237	1813940
1218	1.005861552	2975872
1219	1.17708878	1826778
1220	1.441408212	1958262
1221	1.956646515	1311847
1222	1.383328222	2029138
1223	1.710688097	1631172
1224	2.060059139	1668005
1225	2.033458429	1731809
1226	1.361738959	2361020
1227	1.258789973	2351063
1228	1.310284287	2807419
1229	1.063371858	2726766
1230	1.332718117	2078297
1231	0.801232351	4544621
1232	1.260272503	2812556
1233	1.121582571	2843026
1234	1.453651548	1670495
1235	1.404984292	1836833
1236	1.404798017	1898795
1237	1.651327166	1426205
1238	1.10564519	2916775
1239	1.599265989	1706160
1240	1.778042065	1485805
1241	2.055860212	1440609
1242	1.668755312	1769859
1243	1.575112222	2102670
1244	1.007654961	2957965
1245	1.072722664	2616739
1246	1.124325565	2722364
1247	1.678364272	1711396
1248	1.215151732	2111249
1249	1.218571081	1825668
1250	0.841866113	2903936
1251	0.974501669	2886871
1252	0.740934313	3807342
1253	0.944139775	2812624
1254	1.107194346	2189437
1255	1.123833436	2311989
1256	1.115545528	2644456
1257	0.611336487	4966690
1258	1.037795753	2670625
1259	1.547706247	1595920
1260	1.816292002	1417372
1261	2.054484069	1168574
1262	2.144635867	1263096
1263	1.43826202	2015173
1264	2.249488486	1149125
1265	1.720945953	1432576
1266	2.421996851	1031787
1267	2.680222153	893912
1268	0.978996052	3060841
1269	0.997946088	2812289
1270	1.98954575	1152205
1271	1.68555031	844592
1272	1.365547559	1774792
1273	1.173141329	1948795
1274	0.807467691	3595407
1275	1.41229176	1910564
1276	1.026899726	2497493
1277	1.299526762	1660369
1278	1.130693723	2189404
1279	1.384770398	1785652
1280	1.082348105	2579950
1281	0.799943717	3432130
1282	1.667761419	1414072
1283	1.0097804	2770875
1284	0.853704215	3634823
1285	0.731890984	4050407
1286	0.630376401	4715857
1287	1.136490895	2428434
1288	1.0899386	2233802
1289	1.15459863	2616284
1290	1.218544934	2221024
1291	0.983694432	3287477
1292	0.976488953	2302937
1293	1.272937804	1951514
1294	1.012861296	2841611
1295	1.05678066	2140265
1296	1.650345819	1712194
1297	1.213882339	2169915
1298	0.607488023	5049800
1299	0.817138197	3043146
1300	1.098075158	2139344
1301	1.062115647	2238698
1302	1.223211165	2122176
1303	1.116245822	2124712
1304	0.938553628	2926501
1305	0.973614041	2380706
1306	1.370038391	1871980
1307	1.234606895	1775206
1308	1.194043192	1862479
1309	0.976935759	2417461
1310	0.781082182	3253172
1311	1.207326523	2179603
1312	1.385487616	1613569
1313	0.871800252	2998517
1314	0.830551654	2758586
1315	1.225702737	2019025
1316	0.89281405	2961158
1317	1.336242669	1753168
1318	1.297093984	1818818
1319	1.084141536	2280672
1320	0.66483013	4252983
1321	1.026135733	2374586
1322	1.161016575	2305201
1323	0.557928715	5137223
1324	0.834515935	3251614
1325	0.815702148	3278177
1326	0.684749302	5162832
1327	0.891285336	2694810
1328	1.201045877	2192955
1329	1.069339862	2600362
1330	0.917475053	3107374
1331	1.699507624	1449777
1332	1.391145412	1800487
1333	1.472032881	2061848
1334	1.411266294	1884189
1335	1.445318946	1888435
1336	1.0621613	2819853
1337	1.376978019	1824701
1338	1.406472687	2025681
1339	1.396068495	1817345
1340	0.823980734	3681545
1341	0.962468936	2408621
1342	1.129195545	2550912
1343	1.387926652	2207565
1344	1.291576736	2052343
1345	1.91996195	1175088
1346	1.751545475	2223688
1347	1.212923905	1864971
1348	1.274444569	2025786
1349	1.166829352	2234142
1350	1.647289149	1396268
1351	2.259465569	1006214
1352	1.129034825	2244663
1353	1.129695734	2320836
1354	1.662566766	1422101
1355	1.272099638	2016447
1356	1.050570123	2352512
1357	0.579177435	5331371
1358	0.844909994	3137628
1359	0.752131694	3294809
1360	0.909789935	2639704
1361	1.141986473	2318420
1362	0.796140203	6238267
1363	0.839679464	3761074
1364	1.172674172	2112481
1365	1.331483934	1786380
1366	1.357176311	1891656
1367	1.580596242	1550480
1368	1.227595817	1914198
1369	1.224836833	2334104
1370	1.230335247	2237963
1371	1.349363612	1845689
1372	1.514179038	1788261
1373	1.094677571	2431439
1374	1.698956293	1536630
1375	4.423091869	544667
1376	1.922755149	1548414
1377	1.721975985	1645051
1378	1.744079817	1662878
1379	1.290451336	1536437
1380	2.09180853	1263934
1381	2.170637974	1155266
1382	1.292191715	2102076
1383	0.745295836	3854971
1384	1.058888924	2394481
1385	2.204319171	991706
1386	1.256169648	2253058
1387	1.156214796	2054141
1388	0.995552593	2508648
1389	0.723107673	4025286
1390	1.126161599	1909852
1391	1.113514877	2238229
1392	0.934164101	3040470
1393	1.006216211	2596184
1394	0.632189097	4340603
1395	1.179477172	1808348
1396	1.102723174	2334450
1397	0.855815488	2983530
1398	0.972389594	2492370
1399	1.246215126	2213316
1400	2.085554397	1131461
1401	1.513088398	1535555
1402	1.121989995	1993000
1403	1.14940749	2385905
1404	1.11792164	2199393
1405	1.165880843	2196731
1406	0.543054967	4906184
1407	0.840689028	3114118
1408	0.754790994	3280236
1409	0.816363073	3247843
1410	1.161810343	1936721
1411	1.373555547	1430765
1412	1.111369663	1645479
1413	0.698758432	2626412
1414	1.407518066	1426180
1415	1.094149419	2179869
1416	1.11870196	1955051
1417	0.787797538	2928815
1418	0.772578748	3029408
1419	1.145159897	1845087
1420	0.913106942	2291515
1421	0.584728074	3917100
1422	0.661249251	3505122
1423	0.434156412	5349433
1424	0.377069598	5763196
1425	0.346914168	6636414
1426	0.247752622	9145477
1427	0.325302622	6626671
1428	0.43505162	5112691
1429	0.551372804	3889411
1430	0.974800331	2381276
1431	0.829623082	2867007
1432	0.961364965	2094283
1433	0.449591482	5182348
1434	0.355836764	6997607
1435	0.466176525	5013215
1436	0.542551534	4565754
1437	0.617678425	3899249
1438	0.487920542	4905231
1439	0.752477046	3021237
1440	1.055322965	2114324
1441	0.971845182	2449229
1442	0.780728072	3086157
1443	0.538958355	3739943
1444	0.788665186	2801815
1445	0.702450296	3836465
1446	0.670074775	3599888
1447	0.840398993	3011222
1448	0.885172056	2706650
1449	0.687279422	3321190
1450	0.587237109	3730897
1451	0.636273219	3528982
1452	0.468065629	4520955
1453	0.605801522	4235255
1454	0.600902061	5714948
1455	0.719410505	2822151
1456	0.899174811	2378776
1457	1.009079463	1987629
1458	0.532515774	4382358
1459	0.452576906	4823758
1460	0.510711168	4657992
1461	0.646208691	3598838
1462	0.907846198	2330423
1463	0.812158228	2895362
1464	0.37821783	6637084
1465	0.38632825	5493945
1466	0.358293326	6453805
1467	0.458520103	3985843
1468	0.442946915	4155341
1469	0.597637814	3790485
1470	0.785561745	3071742
1471	0.861010552	2627073
1472	0.761895719	2900715
1473	0.800231416	2913514
1474	0.842985773	2737348
1475	0.664301417	3639766
1476	0.677223574	3711910
1477	0.980920151	2109281
1478	0.808772937	2557911
1479	0.694955609	3241180
1480	0.8051391	2437399
1481	0.796876791	2893201
1482	0.83487476	2357451
1483	0.581841383	3558567
1484	0.655169074	3007962
1485	0.818770151	2198282
1486	0.545511602	3812497
1487	0.915729017	2360659
1488	0.389998278	5216993
1489	0.756954564	2543441
1490	0.786634522	2444604
1491	0.814791327	2492480
1492	0.575706256	3308674
1493	0.780067647	2752770
1494	0.995731784	1866428
1495	1.158277792	1666574
1496	1.01707768	1968832
1497	0.635768331	2934389
1498	0.754593601	2814742
1499	0.790650493	2555173
1500	0.837212061	2703359
1501	0.948955998	2367042
1502	0.752569463	2670491
1503	0.909911187	2495482
1504	0.687844173	2367674
1505	0.805373776	2764166
1506	0.923153916	2454393
1507	0.512546439	4364712
1508	0.823140114	2561494
1509	0.806483504	2425697
1510	0.963203213	2053906
1511	1.010632656	1878130
1512	1.007385726	1848327
1513	0.847543667	2318819
1514	0.790086541	2307977
1515	1.067339237	1833975
1516	0.941577552	2035230
1517	0.624368729	3921774
1518	0.867623646	2721049
1519	0.880145146	3980976
1520	0.823858869	2924096
1521	1.193899941	1859749
1522	1.196288786	1665264
1523	2.019883632	1127363
1524	2.799205107	691002
1525	3.84765688	447711
1526	1.870231593	1063833
1527	2.262269001	801758
1528	2.396914173	493561
1529	1.748553634	1272477
1530	1.04414834	2322144
1531	1.157608561	1843938
1532	0.905516363	2395562
1533	1.451855239	1738151
1534	0.864441986	2676082
1535	0.920795478	2587734
1536	1.141144107	1756033
1537	1.198544029	1838237
1538	0.775645391	2609664
1539	1.243516321	1716602
1540	0.75895083	3115703
1541	0.787765259	2458437
1542	0.911738936	2526821
1543	0.759363746	2947341
1544	0.988042307	1956027
1545	1.080714983	1963803
1546	1.3405741	1496390
1547	1.098071714	2599447
1548	0.999654134	2111263
1549	1.314246897	1664413
1550	1.072607807	2166752
1551	0.688714366	3094025
1552	1.113540037	2309082
1553	0.926173916	2496775
1554	1.250181643	1691444
1555	0.797587125	3003525
1556	0.858072251	2635070
1557	0.591398055	4026207
1558	0.928947865	2357207
1559	1.366933847	1402292
1560	1.166797196	1754258
1561	0.895121495	2204242
1562	0.994332079	2357658
1563	1.105313318	2349752
1564	1.523868257	1211316
1565	1.212963638	1516188
1566	0.823963838	2448079
1567	1.009513881	2437942
1568	1.064849618	1796457
1569	0.858492717	2620424
1570	1.013781684	1886591
1571	1.204867534	1663210
1572	1.09620454	2335211
1573	1.225208664	1536343
1574	1.040719669	1955475
1575	0.662942402	3404026
1576	0.978331318	2180545
1577	0.497200658	6404567
1578	0.924785352	2182449
1579	0.863838007	2145576
1580	0.665303584	3560119
1581	0.604008941	3880083
1582	1.004273928	2114703
1583	0.875888155	4154861
1584	0.963046829	2170292
1585	0.55495766	4973188
1586	0.999089855	2226468
1587	0.858223469	2447808
1588	0.982091878	2101009
1589	1.029342751	1891529
1590	1.220808898	1620456
1591	1.046568609	1921075
1592	0.940241987	2578071
1593	0.896316418	2569487
1594	0.769654649	2934505
1595	1.138056077	1776246
1596	0.863858401	2364910
1597	0.983985645	2365204
1598	0.986197473	2090381
1599	0.734525793	2803476
1600	0.664037713	3236301
1601	0.862255169	2248291
1602	0.78294661	2419886
1603	0.967802991	2055537
1604	0.978052293	2033583
1605	0.913324433	2496326
1606	0.857309068	2287413
1607	0.880034694	2228358
1608	1.159283814	1662975
1609	0.957734296	2032131
1610	0.818951016	3205594
1611	0.847672115	2327721
1612	1.226049311	1561395
1613	0.757152287	2405822
1614	0.513788531	4776887
1615	0.815238285	2594699
1616	0.986618554	2206850
1617	0.83848703	2548177
1618	0.695471938	2638800
1619	0.659297159	3655008
1620	0.91907179	2302146
1621	1.16544702	1898670
1622	0.838806463	2710130
1623	0.744282807	3383627
1624	0.949663733	2339098
1625	0.651475344	3729072
1626	1.132718783	2124098
1627	0.911437182	2410914
1628	1.00429215	2212485
1629	1.050445825	2280049
1630	1.455811918	1344042
1631	2.143559325	1066158
1632	1.139169684	1970253
1633	0.964170925	2309565
1634	1.094750684	2221881
1635	0.654517651	3711154
1636	1.123375483	2044232
1637	1.102661193	1938984
1638	0.836391051	2724000
1639	0.850606554	2790567
1640	1.33533107	1589882
1641	1.018860402	2194078
1642	1.032527829	2126064
1643	0.919080017	2589589
1644	0.760003082	3091265
1645	0.676555002	4536776
1646	0.808443367	2960126
1647	1.137824403	1871946
1648	1.25767792	1728208
1649	1.253930265	1990229
1650	1.341325104	1639592
1651	1.206551965	1680034
1652	0.769759429	3426743
1653	1.044995933	1911595
1654	1.132374798	1988652
1655	0.898181437	2659941
