 1850 -0.844 -0.053 -0.699 -0.586 -0.420 -0.002 -0.079 -0.065 -0.342 -0.543 -0.226 -0.213 -0.336
 1851 -0.174 -0.465 -0.695 -0.404 -0.189 -0.062 -0.171 -0.123  0.140  0.107  0.030  0.062 -0.159
 1852  0.071 -0.319 -0.466 -0.565 -0.116  0.193 -0.125  0.075 -0.000 -0.135 -0.217  0.296 -0.107
 1853  0.170 -0.039 -0.298 -0.335 -0.117  0.017  0.022 -0.113 -0.371 -0.313 -0.340 -0.429 -0.177
 1854 -0.326 -0.174 -0.049 -0.235  0.024 -0.146  0.077  0.190 -0.094  0.011 -0.356  0.153 -0.071
 1855  0.023 -0.530 -0.181  0.108 -0.171  0.010 -0.066 -0.149 -0.340  0.010 -0.215 -0.826 -0.190
 1856 -0.067 -0.372 -0.711 -0.414 -0.041 -0.144 -0.340 -0.370 -0.443 -0.348 -0.855 -0.482 -0.378
 1857 -0.574 -0.194 -0.387 -0.694 -0.589 -0.223 -0.439 -0.167 -0.391 -0.408 -0.698 -0.149 -0.405
 1858 -0.297 -0.813 -0.624 -0.281 -0.383 -0.460 -0.168 -0.369 -0.475  0.052 -0.859 -0.178 -0.400
 1859 -0.217 -0.016 -0.192  0.024 -0.150 -0.166 -0.181  0.093 -0.511 -0.213 -0.352 -0.720 -0.215
 1860 -0.216 -0.698 -0.899 -0.278 -0.137 -0.220  0.085 -0.046 -0.189 -0.014 -0.710 -1.024 -0.363
 1861 -1.506 -0.488 -0.186 -0.424 -0.655  0.042  0.314  0.163 -0.255 -0.152 -0.270 -0.150 -0.295
 1862 -0.988 -1.170 -0.618 -0.326 -0.337 -0.443 -0.342 -0.615 -0.302 -0.420 -1.053 -1.353 -0.668
 1863  0.571  0.128 -0.383 -0.244 -0.093 -0.312 -0.517 -0.256 -0.129 -0.511 -0.371 -0.235 -0.195
 1864 -1.108 -0.695 -0.553 -0.545 -0.551  0.209  0.101  0.063 -0.400 -0.949 -0.825 -1.000 -0.521
 1865  0.105 -0.973 -1.136 -0.337 -0.065 -0.102  0.067 -0.229  0.293 -0.255 -0.011 -0.416 -0.258
 1866  0.312 -0.140 -0.636 -0.300 -0.800  0.432  0.091 -0.234 -0.050 -0.642 -0.322 -0.196 -0.210
 1867 -0.343  0.450 -1.173 -0.387 -0.814 -0.277 -0.158 -0.058 -0.047 -0.175 -0.320 -0.776 -0.338
 1868 -0.843 -0.611 -0.086 -0.292  0.182  0.353  0.709  0.208 -0.201 -0.286 -0.773  0.102 -0.128
 1869 -0.128  0.698 -0.680 -0.163 -0.043 -0.183  0.045  0.217 -0.118 -0.462 -0.408 -0.319 -0.127
 1870  0.087 -0.562 -0.415 -0.176  0.118  0.073  0.175 -0.171 -0.141 -0.330 -0.008 -1.076 -0.203
 1871 -0.772 -0.962  0.076  0.022 -0.314 -0.151  0.146 -0.079 -0.538 -0.451 -0.930 -0.843 -0.397
 1872 -0.329 -0.582 -0.573 -0.017  0.157 -0.010  0.052  0.187  0.092 -0.125 -0.459 -0.576 -0.185
 1873  0.017 -0.544 -0.383 -0.694 -0.544 -0.170 -0.079 -0.062 -0.261 -0.338 -0.480 -0.025 -0.295
 1874  0.487 -0.305 -0.662 -0.509 -0.373 -0.135 -0.130 -0.295  0.017 -0.298 -0.563 -0.467 -0.272
 1875 -0.916 -1.066 -0.882 -0.650 -0.123 -0.058 -0.187 -0.093 -0.342 -0.376 -0.790 -0.603 -0.508
 1876 -0.344 -0.253 -0.496 -0.283 -0.661  0.023  0.181  0.013 -0.221 -0.435 -0.692 -0.982 -0.345
 1877 -0.301  0.083 -0.473 -0.474 -0.365  0.144  0.257  0.365  0.125  0.000  0.284  0.402  0.000
 1878  0.108  0.585  0.561  0.576  0.053  0.414  0.084  0.214  0.241 -0.037 -0.121 -0.406  0.192
 1879 -0.157 -0.055 -0.041 -0.206 -0.049 -0.209 -0.194 -0.220 -0.231  0.018 -0.611 -0.744 -0.222
 1880  0.128 -0.277 -0.201 -0.098 -0.161 -0.155 -0.177 -0.122 -0.244 -0.449 -0.640 -0.475 -0.242
 1881 -0.514 -0.248 -0.297 -0.178  0.025 -0.164 -0.107 -0.044 -0.215 -0.427 -0.551 -0.153 -0.238
 1882  0.349  0.015 -0.048 -0.410 -0.449 -0.343 -0.227 -0.166 -0.181 -0.413 -0.468 -0.575 -0.244
 1883 -0.732 -0.533 -0.633 -0.394 -0.286 -0.087 -0.149 -0.111 -0.305 -0.430 -0.432 -0.228 -0.359
 1884 -0.456 -0.227 -0.535 -0.672 -0.345 -0.430 -0.432 -0.417 -0.500 -0.375 -0.834 -0.471 -0.474
 1885 -0.700 -0.522 -0.513 -0.431 -0.445 -0.413 -0.211 -0.325 -0.277 -0.138 -0.378 -0.088 -0.367
 1886 -0.385 -0.607 -0.464 -0.236 -0.178 -0.297 -0.147 -0.244 -0.375 -0.337 -0.515 -0.300 -0.338
 1887 -0.647 -0.581 -0.403 -0.415 -0.234 -0.279 -0.148 -0.310 -0.242 -0.496 -0.332 -0.226 -0.356
 1888 -0.610 -0.539 -0.633 -0.039 -0.259 -0.132 -0.158 -0.171 -0.160 -0.010 -0.276 -0.224 -0.266
 1889 -0.118 -0.136 -0.118  0.150  0.041  0.001 -0.132 -0.110 -0.339 -0.232 -0.562 -0.130 -0.138
 1890 -0.313 -0.274 -0.392 -0.198 -0.350 -0.262 -0.294 -0.345 -0.399 -0.414 -0.621 -0.490 -0.363
 1891 -0.611 -0.570 -0.396 -0.388 -0.200 -0.169 -0.141 -0.137  0.006 -0.275 -0.729  0.136 -0.289
 1892 -0.452 -0.074 -0.674 -0.499 -0.387 -0.308 -0.436 -0.344 -0.160 -0.385 -0.889 -0.998 -0.466
 1893 -1.533 -1.122 -0.567 -0.556 -0.622 -0.290 -0.130 -0.240 -0.397 -0.208 -0.493 -0.375 -0.543
 1894 -0.639 -0.432 -0.349 -0.293 -0.270 -0.455 -0.162 -0.221 -0.340 -0.403 -0.501 -0.438 -0.375
 1895 -0.669 -0.969 -0.647 -0.317 -0.277 -0.267 -0.250 -0.273 -0.031 -0.164 -0.258 -0.291 -0.368
 1896 -0.269 -0.256 -0.561 -0.424 -0.041  0.096  0.030  0.035  0.067  0.032 -0.509 -0.002 -0.152
 1897 -0.251 -0.173 -0.479 -0.025  0.136 -0.047  0.068  0.012  0.082 -0.076 -0.459 -0.496 -0.144
 1898  0.140 -0.321 -0.929 -0.456 -0.324 -0.145 -0.136 -0.099 -0.139 -0.459 -0.388 -0.176 -0.288
 1899  0.006 -0.641 -0.770 -0.263 -0.249 -0.392 -0.081 -0.058  0.010  0.040  0.317 -0.544 -0.220
 1900 -0.334 -0.364 -0.213 -0.179 -0.138 -0.002 -0.094  0.004 -0.089  0.311 -0.203  0.175 -0.096
 1901 -0.102 -0.224 -0.053  0.029 -0.100  0.054  0.105  0.029 -0.255 -0.147 -0.355 -0.452 -0.124
 1902 -0.032 -0.201 -0.408 -0.526 -0.411 -0.385 -0.399 -0.218 -0.290 -0.344 -0.528 -0.636 -0.367
 1903 -0.045  0.001 -0.253 -0.394 -0.426 -0.472 -0.446 -0.545 -0.445 -0.548 -0.661 -0.579 -0.400
 1904 -0.669 -0.585 -0.716 -0.583 -0.461 -0.504 -0.511 -0.441 -0.466 -0.304 -0.229 -0.348 -0.485
 1905 -0.510 -0.882 -0.561 -0.642 -0.290 -0.214 -0.117 -0.222 -0.132 -0.281 -0.038 -0.130 -0.336
 1906 -0.044 -0.334 -0.287 -0.020 -0.180 -0.116 -0.207 -0.189 -0.284 -0.217 -0.391 -0.104 -0.199
 1907 -0.492 -0.610 -0.381 -0.639 -0.613 -0.511 -0.292 -0.488 -0.364 -0.252 -0.612 -0.424 -0.477
 1908 -0.336 -0.347 -0.776 -0.471 -0.418 -0.352 -0.410 -0.418 -0.314 -0.508 -0.627 -0.529 -0.458
 1909 -0.512 -0.471 -0.775 -0.654 -0.528 -0.425 -0.451 -0.239 -0.283 -0.335 -0.207 -0.504 -0.448
 1910 -0.168 -0.451 -0.385 -0.400 -0.401 -0.437 -0.421 -0.413 -0.340 -0.353 -0.596 -0.604 -0.417
 1911 -0.473 -0.733 -0.629 -0.617 -0.445 -0.322 -0.370 -0.328 -0.238 -0.340 -0.280 -0.264 -0.421
 1912 -0.474 -0.229 -0.539 -0.344 -0.262 -0.129 -0.428 -0.590 -0.664 -0.796 -0.573 -0.561 -0.466
 1913 -0.441 -0.697 -0.603 -0.483 -0.595 -0.567 -0.518 -0.369 -0.453 -0.447 -0.162 -0.044 -0.447
 1914  0.100 -0.130 -0.363 -0.434 -0.204 -0.285 -0.286 -0.246 -0.263 -0.124 -0.327 -0.280 -0.237
 1915 -0.054 -0.050 -0.446 -0.074 -0.227 -0.113 -0.047 -0.002 -0.075 -0.227 -0.079 -0.152 -0.125
 1916 -0.169 -0.186 -0.540 -0.334 -0.428 -0.454 -0.182 -0.333 -0.431 -0.408 -0.437 -0.763 -0.385
 1917 -0.622 -0.855 -0.897 -0.471 -0.700 -0.301 -0.281 -0.204 -0.153 -0.431 -0.205 -0.832 -0.493
 1918 -0.492 -0.442 -0.421 -0.475 -0.491 -0.435 -0.341 -0.289 -0.255 -0.010 -0.250 -0.370 -0.353
 1919 -0.201 -0.302 -0.526 -0.189 -0.508 -0.317 -0.262 -0.285 -0.153 -0.263 -0.654 -0.679 -0.360
 1920 -0.213 -0.363 -0.106 -0.336 -0.161 -0.257 -0.167 -0.256 -0.255 -0.324 -0.468 -0.466 -0.278
 1921  0.079 -0.133 -0.124 -0.016 -0.155 -0.029 -0.031 -0.169 -0.149 -0.080 -0.393 -0.050 -0.101
 1922 -0.373 -0.384 -0.192 -0.199 -0.136 -0.181 -0.233 -0.247 -0.225 -0.318 -0.228 -0.247 -0.245
 1923 -0.089 -0.597 -0.526 -0.559 -0.302 -0.246 -0.207 -0.302 -0.147 -0.043  0.148  0.080 -0.231
 1924 -0.330 -0.235 -0.283 -0.257 -0.166 -0.117 -0.149 -0.194 -0.141 -0.167 -0.164 -0.502 -0.222
 1925 -0.233 -0.223 -0.214 -0.161 -0.119 -0.206 -0.097 -0.051  0.043 -0.220 -0.026  0.082 -0.117
 1926  0.325  0.193 -0.008 -0.216 -0.157 -0.067 -0.131 -0.002  0.044  0.035  0.057 -0.212 -0.008
 1927 -0.199 -0.099 -0.325 -0.220 -0.174 -0.107 -0.030  0.011  0.023  0.216 -0.025 -0.448 -0.113
 1928  0.162 -0.027 -0.367 -0.333 -0.136 -0.302 -0.073 -0.174 -0.119 -0.093 -0.112 -0.147 -0.142
 1929 -0.623 -0.965 -0.370 -0.399 -0.246 -0.304 -0.238 -0.027 -0.119  0.009 -0.017 -0.546 -0.318
 1930 -0.227 -0.105 -0.039 -0.101 -0.185 -0.143  0.017  0.189  0.092  0.071  0.237  0.031 -0.011
 1931  0.099 -0.274 -0.125 -0.145 -0.053  0.148  0.128  0.175  0.164  0.214  0.047  0.018  0.035
 1932  0.381 -0.285 -0.435 -0.007 -0.103 -0.084 -0.065  0.051  0.117  0.014 -0.263 -0.165 -0.068
 1933 -0.347 -0.443 -0.404 -0.174 -0.205 -0.228  0.025 -0.066 -0.152 -0.123 -0.238 -0.541 -0.239
 1934 -0.152  0.158 -0.425 -0.260  0.056 -0.003  0.010 -0.001 -0.079  0.047  0.192  0.019 -0.034
 1935 -0.300  0.491 -0.131 -0.284 -0.249 -0.123 -0.027  0.030 -0.061  0.110 -0.416 -0.221 -0.097
 1936 -0.298 -0.570 -0.243 -0.122 -0.006  0.070  0.152  0.128  0.119  0.002  0.018  0.171 -0.049
 1937 -0.126  0.147 -0.374 -0.111  0.066  0.151  0.223  0.244  0.335  0.320  0.110 -0.111  0.073
 1938  0.191  0.202  0.217  0.258 -0.018 -0.065  0.062  0.208  0.217  0.233  0.164 -0.392  0.107
 1939 -0.045  0.042 -0.338 -0.133 -0.016  0.010  0.100  0.148  0.136 -0.105  0.138  0.564  0.041
 1940 -0.488 -0.086 -0.153  0.097 -0.036  0.059  0.136  0.050  0.163  0.079  0.105  0.185  0.008
 1941 -0.044  0.114 -0.201 -0.009  0.016  0.132  0.147  0.073 -0.016  0.293 -0.009 -0.046  0.039
 1942  0.146 -0.167 -0.232 -0.054 -0.021  0.097  0.050 -0.061  0.073  0.167  0.150  0.124  0.022
 1943 -0.302  0.291 -0.222  0.237  0.180 -0.081 -0.031  0.132  0.126  0.354  0.148  0.385  0.100
 1944  0.636  0.395  0.151 -0.029  0.190  0.053  0.115  0.188  0.337  0.372 -0.003 -0.167  0.186
 1945 -0.004 -0.254 -0.107  0.172 -0.000  0.039 -0.014  0.264  0.187  0.240  0.058 -0.303  0.024
 1946  0.310  0.180 -0.060  0.328 -0.055 -0.105  0.006  0.011  0.065  0.005  0.054 -0.449  0.027
 1947 -0.233 -0.219  0.031  0.169 -0.056 -0.074 -0.049  0.031  0.106  0.387  0.133 -0.053  0.019
 1948  0.447 -0.062 -0.230  0.091  0.211  0.218  0.025  0.148  0.077  0.140  0.067 -0.208  0.080
 1949  0.361 -0.070 -0.223  0.062  0.042 -0.174 -0.135  0.046 -0.123  0.120  0.010 -0.246 -0.027
 1950 -0.389 -0.248 -0.115 -0.185 -0.068 -0.119 -0.185 -0.171 -0.066 -0.008 -0.408 -0.088 -0.170
 1951 -0.296 -0.574 -0.317  0.016  0.129  0.020  0.124  0.304  0.325  0.305  0.083  0.489  0.051
 1952  0.255  0.115 -0.316  0.097  0.089  0.172  0.155  0.149  0.171 -0.006 -0.340 -0.081  0.039
 1953  0.201  0.269  0.220  0.275  0.175  0.236  0.207  0.261  0.177  0.227 -0.065  0.205  0.199
 1954 -0.273 -0.077 -0.262 -0.079 -0.177  0.011 -0.065  0.016  0.060  0.085  0.199 -0.156 -0.058
 1955  0.375 -0.105 -0.558 -0.237 -0.066 -0.060 -0.025  0.094 -0.017  0.041 -0.255 -0.249 -0.088
 1956 -0.086 -0.409 -0.356 -0.316 -0.237 -0.207 -0.245 -0.223 -0.310 -0.224 -0.315 -0.218 -0.262
 1957 -0.181 -0.124 -0.323 -0.115 -0.055  0.067  0.053  0.172  0.148  0.014  0.106  0.355  0.009
 1958  0.503  0.300  0.015  0.042  0.035  0.040  0.021  0.129  0.027  0.080  0.074  0.134  0.116
 1959  0.239  0.125  0.180  0.116  0.018  0.119  0.057  0.102  0.137 -0.064 -0.163  0.002  0.073
 1960  0.030  0.335 -0.489 -0.160 -0.106  0.110  0.081  0.086  0.120 -0.001 -0.137  0.315  0.015
 1961  0.148  0.301  0.158  0.102  0.071  0.127  0.063  0.071 -0.060 -0.088  0.003 -0.106  0.065
 1962  0.220  0.317  0.089  0.149  0.042 -0.140  0.119  0.045 -0.003  0.089  0.028  0.106  0.089
 1963  0.094  0.445 -0.179 -0.042 -0.046 -0.031  0.161  0.204  0.202  0.465  0.440  0.066  0.148
 1964  0.077 -0.120 -0.397 -0.270 -0.062 -0.065 -0.060 -0.212 -0.261 -0.246 -0.179 -0.243 -0.169
 1965 -0.004 -0.407 -0.173 -0.300 -0.156 -0.171 -0.144 -0.146 -0.130  0.074 -0.074  0.015 -0.134
 1966 -0.075  0.009  0.018 -0.159 -0.068  0.058  0.099  0.161  0.112  0.059 -0.015 -0.154  0.003
 1967 -0.172 -0.256  0.078  0.048  0.156 -0.008  0.057  0.087 -0.003  0.277  0.053 -0.002  0.026
 1968 -0.265 -0.128  0.338 -0.066 -0.050 -0.030 -0.062 -0.050 -0.038 -0.012 -0.139 -0.265 -0.063
 1969 -0.474 -0.482 -0.184  0.037  0.044 -0.067  0.039  0.015  0.013 -0.024  0.165  0.269 -0.054
 1970 -0.014  0.191 -0.175  0.027 -0.063 -0.021 -0.049 -0.044 -0.045 -0.161 -0.059 -0.250 -0.056
 1971 -0.031 -0.343 -0.386 -0.255 -0.207 -0.216 -0.192 -0.199 -0.194 -0.180  0.008 -0.115 -0.193
 1972 -0.703 -0.560 -0.219 -0.108 -0.193 -0.087 -0.075 -0.065 -0.265 -0.078 -0.234 -0.064 -0.222
 1973  0.014  0.355  0.189  0.119  0.055  0.067 -0.036 -0.020 -0.120 -0.134 -0.121 -0.069  0.024
 1974 -0.454 -0.476 -0.200 -0.169 -0.271 -0.211 -0.158 -0.137 -0.168 -0.290 -0.301 -0.294 -0.261
 1975  0.111 -0.020  0.008 -0.047 -0.094 -0.144 -0.125 -0.157 -0.124 -0.235 -0.360 -0.285 -0.123
 1976 -0.057 -0.331 -0.567 -0.116 -0.310 -0.272 -0.303 -0.220 -0.174 -0.493 -0.359 -0.318 -0.293
 1977 -0.370 -0.015  0.134  0.153  0.109  0.158  0.032 -0.017  0.117 -0.085  0.236 -0.041  0.034
 1978  0.081 -0.046  0.050 -0.003 -0.151 -0.173 -0.130 -0.193 -0.053 -0.041  0.133 -0.144 -0.056
 1979 -0.120 -0.292 -0.029 -0.221 -0.075  0.039  0.005 -0.020  0.105  0.133  0.081  0.470  0.006
 1980  0.088  0.203 -0.180  0.081  0.130  0.113  0.089  0.039  0.028  0.017  0.159  0.045  0.068
 1981  0.611  0.425  0.403  0.228  0.057  0.178  0.075  0.125  0.077  0.096  0.165  0.391  0.236
 1982 -0.193  0.045 -0.193  0.073  0.025 -0.066 -0.026 -0.100  0.027 -0.046 -0.163  0.264 -0.029
 1983  0.490  0.236  0.164 -0.020 -0.011  0.058  0.158  0.208  0.196  0.079  0.389  0.063  0.168
 1984  0.162 -0.098  0.049 -0.120  0.121 -0.056  0.005  0.016 -0.095 -0.100 -0.287 -0.608 -0.085
 1985 -0.104 -0.418 -0.220 -0.128 -0.087 -0.086 -0.188 -0.060 -0.091 -0.055 -0.108 -0.024 -0.131
 1986  0.240  0.091  0.047  0.078  0.049  0.056 -0.056 -0.030 -0.051  0.011 -0.081 -0.051  0.026
 1987  0.050  0.408 -0.148 -0.049  0.155  0.077  0.197  0.250  0.298  0.141  0.043  0.417  0.153
 1988  0.441  0.184  0.253  0.275  0.214  0.285  0.292  0.197  0.191  0.139  0.022  0.313  0.233
 1989 -0.012  0.241  0.222  0.126  0.132  0.142  0.249  0.198  0.168  0.209  0.028  0.262  0.164
 1990  0.273  0.412  0.921  0.491  0.345  0.370  0.262  0.346  0.347  0.422  0.429  0.330  0.412
 1991  0.464  0.452  0.171  0.497  0.265  0.404  0.396  0.302  0.244  0.253  0.222  0.130  0.316
 1992  0.533  0.458  0.279  0.026  0.096  0.021 -0.105 -0.098 -0.200 -0.122 -0.136  0.142  0.074
 1993  0.384  0.437  0.271  0.109  0.167  0.166  0.088  0.037 -0.067  0.062 -0.285  0.208  0.130
 1994  0.244 -0.103  0.308  0.342  0.264  0.323  0.239  0.285  0.288  0.495  0.410  0.263  0.280
 1995  0.646  1.002  0.437  0.454  0.265  0.450  0.351  0.502  0.348  0.497  0.453  0.244  0.470
 1996  0.131  0.395  0.084  0.030  0.240  0.229  0.261  0.177  0.083  0.071  0.138  0.262  0.175
 1997  0.320  0.478  0.488  0.377  0.380  0.488  0.422  0.502  0.465  0.631  0.465  0.452  0.456
 1998  0.514  0.960  0.506  0.725  0.584  0.649  0.746  0.717  0.513  0.502  0.306  0.654  0.614
 1999  0.506  0.923  0.121  0.453  0.286  0.272  0.327  0.299  0.349  0.398  0.344  0.626  0.408
 2000  0.288  0.710  0.618  0.720  0.490  0.330  0.386  0.482  0.351  0.233  0.099  0.156  0.404
 2001  0.465  0.334  0.635  0.557  0.615  0.465  0.586  0.633  0.497  0.550  0.876  0.500  0.558
 2002  0.898  1.070  0.870  0.460  0.410  0.584  0.587  0.476  0.522  0.395  0.593  0.266  0.593
 2003  0.779  0.464  0.479  0.493  0.599  0.477  0.585  0.768  0.730  0.885  0.574  0.884  0.642
 2004  0.659  0.879  0.739  0.589  0.425  0.414  0.500  0.524  0.598  0.606  0.910  0.426  0.604
 2005  0.738  0.429  0.678  0.794  0.683  0.718  0.727  0.662  0.841  0.842  0.930  0.640  0.724
 2006  0.382  0.714  0.572  0.492  0.571  0.731  0.595  0.702  0.710  0.821  0.769  1.049  0.676
 2007  1.289  0.743  0.726  0.837  0.613  0.567  0.593  0.677  0.581  0.678  0.618  0.634  0.713
 2008  0.186  0.376  0.961  0.519  0.490  0.553  0.582  0.568  0.509  0.758  0.806  0.523  0.569
 2009  0.626  0.598  0.460  0.596  0.464  0.631  0.645  0.650  0.761  0.660  0.591  0.462  0.594
 2010  0.634  0.672  0.825  0.849  0.738  0.776  0.854  0.794  0.602  0.723  0.987  0.421  0.740
 2011  0.337  0.365  0.521  0.676  0.528  0.654  0.659  0.663  0.631  0.725  0.458  0.669  0.575
 2012  0.456  0.344  0.452  0.844  0.817  0.796  0.766  0.701  0.747  0.689  0.699  0.227  0.627
 2013  0.584  0.691  0.529  0.523  0.680  0.679  0.660  0.729  0.667  0.692  0.960  0.704  0.674
 2014  0.716  0.413  0.842  0.873  0.753  0.814  0.779  0.940  0.831  0.815  0.633  0.935  0.779
 2015  1.030  1.009  0.986  0.871  0.929  0.966  0.856  0.978  1.099  1.087  1.133  1.433  1.033
 2016  1.186  1.572  1.436  1.191  0.935  1.038  0.975  1.061  1.066  0.784  0.693  0.842  1.064
 2017  1.029  1.146  1.165  0.963  0.768  0.853  0.862  0.940  0.808  0.779  0.849  0.918  0.922
 2018  0.767  0.778  0.864  0.752  0.766  0.824  0.791  0.773  0.792  0.911  0.690  0.778  0.789
