 1850 -0.844 -0.053 -0.699 -0.586 -0.420 -0.002 -0.079 -0.065 -0.342 -0.543 -0.226 -0.213 -0.336
 1850     26     24     23     23     24     25     26     27     32     30     30     27
 1851 -0.174 -0.465 -0.695 -0.404 -0.189 -0.062 -0.171 -0.123  0.140  0.107  0.030  0.062 -0.159
 1851     25     22     22     25     24     23     26     27     24     26     25     23
 1852  0.071 -0.319 -0.466 -0.565 -0.116  0.193 -0.125  0.075 -0.000 -0.135 -0.217  0.296 -0.107
 1852     23     24     25     27     26     28     28     25     28     28     26     26
 1853  0.170 -0.039 -0.298 -0.335 -0.117  0.017  0.022 -0.113 -0.371 -0.313 -0.340 -0.429 -0.177
 1853     28     29     30     24     28     30     28     30     29     32     27     29
 1854 -0.326 -0.174 -0.049 -0.235  0.024 -0.146  0.077  0.190 -0.094  0.011 -0.356  0.153 -0.071
 1854     30     28     30     32     31     28     30     32     30     31     28     27
 1855  0.023 -0.530 -0.181  0.108 -0.171  0.010 -0.066 -0.149 -0.340  0.010 -0.215 -0.826 -0.190
 1855     28     30     26     28     32     30     32     30     27     26     25     24
 1856 -0.067 -0.372 -0.711 -0.414 -0.041 -0.144 -0.340 -0.370 -0.443 -0.348 -0.855 -0.482 -0.378
 1856     23     29     25     23     30     28     27     27     25     26     32     30
 1857 -0.574 -0.194 -0.387 -0.694 -0.589 -0.223 -0.439 -0.167 -0.391 -0.408 -0.698 -0.149 -0.405
 1857     27     24     27     23     25     24     23     25     26     25     25     22
 1858 -0.297 -0.813 -0.624 -0.281 -0.383 -0.460 -0.168 -0.369 -0.475  0.052 -0.859 -0.178 -0.400
 1858     23     25     23     25     24     24     24     25     24     25     25     26
 1859 -0.217 -0.016 -0.192  0.024 -0.150 -0.166 -0.181  0.093 -0.511 -0.213 -0.352 -0.720 -0.215
 1859     21     21     25     22     23     18     21     18     19     21     18     21
 1860 -0.216 -0.698 -0.899 -0.278 -0.137 -0.220  0.085 -0.046 -0.189 -0.014 -0.710 -1.024 -0.363
 1860     20     21     18     20     15     16     18     21     18     18     17     16
 1861 -1.506 -0.488 -0.186 -0.424 -0.655  0.042  0.314  0.163 -0.255 -0.152 -0.270 -0.150 -0.295
 1861     16     15     13     14     13     11     12     16     13     14     13     12
 1862 -0.988 -1.170 -0.618 -0.326 -0.337 -0.443 -0.342 -0.615 -0.302 -0.420 -1.053 -1.353 -0.668
 1862     13     12     14     14     14     16     16     14     14     12     11     12
 1863  0.571  0.128 -0.383 -0.244 -0.093 -0.312 -0.517 -0.256 -0.129 -0.511 -0.371 -0.235 -0.195
 1863     13     13     14     13     14     14     13     13     11     13     12     12
 1864 -1.108 -0.695 -0.553 -0.545 -0.551  0.209  0.101  0.063 -0.400 -0.949 -0.825 -1.000 -0.521
 1864     14     14     15     16     12     16     13     13     12     13     16     14
 1865  0.105 -0.973 -1.136 -0.337 -0.065 -0.102  0.067 -0.229  0.293 -0.255 -0.011 -0.416 -0.258
 1865     14     12     13     15     14     13     13     14     12     11     12     13
 1866  0.312 -0.140 -0.636 -0.300 -0.800  0.432  0.091 -0.234 -0.050 -0.642 -0.322 -0.196 -0.210
 1866     15     17     16     14     13     13     14     14     14     13     12     13
 1867 -0.343  0.450 -1.173 -0.387 -0.814 -0.277 -0.158 -0.058 -0.047 -0.175 -0.320 -0.776 -0.338
 1867     15     14     15     15     15     15     15     13     13     13     13     15
 1868 -0.843 -0.611 -0.086 -0.292  0.182  0.353  0.709  0.208 -0.201 -0.286 -0.773  0.102 -0.128
 1868     12     12     13     16     14     14     15     14     14     15     15     16
 1869 -0.128  0.698 -0.680 -0.163 -0.043 -0.183  0.045  0.217 -0.118 -0.462 -0.408 -0.319 -0.127
 1869     15     17     19     19     20     21     19     19     18     18     17     18
 1870  0.087 -0.562 -0.415 -0.176  0.118  0.073  0.175 -0.171 -0.141 -0.330 -0.008 -1.076 -0.203
 1870     20     22     25     21     20     21     22     20     18     16     21     18
 1871 -0.772 -0.962  0.076  0.022 -0.314 -0.151  0.146 -0.079 -0.538 -0.451 -0.930 -0.843 -0.397
 1871     17     17     18     20     19     21     19     21     19     18     16     19
 1872 -0.329 -0.582 -0.573 -0.017  0.157 -0.010  0.052  0.187  0.092 -0.125 -0.459 -0.576 -0.185
 1872     19     21     21     21     20     22     23     21     22     22     24     24
 1873  0.017 -0.544 -0.383 -0.694 -0.544 -0.170 -0.079 -0.062 -0.261 -0.338 -0.480 -0.025 -0.295
 1873     23     20     22     21     24     24     21     25     21     21     22     23
 1874  0.487 -0.305 -0.662 -0.509 -0.373 -0.135 -0.130 -0.295  0.017 -0.298 -0.563 -0.467 -0.272
 1874     18     24     23     23     21     22     24     23     22     25     24     26
 1875 -0.916 -1.066 -0.882 -0.650 -0.123 -0.058 -0.187 -0.093 -0.342 -0.376 -0.790 -0.603 -0.508
 1875     26     24     31     29     29     30     26     29     22     25     25     27
 1876 -0.344 -0.253 -0.496 -0.283 -0.661  0.023  0.181  0.013 -0.221 -0.435 -0.692 -0.982 -0.345
 1876     26     28     26     28     27     29     27     28     26     24     29     25
 1877 -0.301  0.083 -0.473 -0.474 -0.365  0.144  0.257  0.365  0.125  0.000  0.284  0.402  0.000
 1877     24     25     26     27     26     25     28     27     27     28     27     28
 1878  0.108  0.585  0.561  0.576  0.053  0.414  0.084  0.214  0.241 -0.037 -0.121 -0.406  0.192
 1878     29     30     28     29     27     30     30     33     29     30     31     33
 1879 -0.157 -0.055 -0.041 -0.206 -0.049 -0.209 -0.194 -0.220 -0.231  0.018 -0.611 -0.744 -0.222
 1879     28     33     32     32     33     34     32     36     32     30     31     32
 1880  0.128 -0.277 -0.201 -0.098 -0.161 -0.155 -0.177 -0.122 -0.244 -0.449 -0.640 -0.475 -0.242
 1880     29     33     33     30     30     32     35     36     33     35     36     36
 1881 -0.514 -0.248 -0.297 -0.178  0.025 -0.164 -0.107 -0.044 -0.215 -0.427 -0.551 -0.153 -0.238
 1881     36     38     37     36     35     38     36     38     41     39     41     35
 1882  0.349  0.015 -0.048 -0.410 -0.449 -0.343 -0.227 -0.166 -0.181 -0.413 -0.468 -0.575 -0.244
 1882     38     39     37     38     39     36     42     37     40     38     38     35
 1883 -0.732 -0.533 -0.633 -0.394 -0.286 -0.087 -0.149 -0.111 -0.305 -0.430 -0.432 -0.228 -0.359
 1883     41     42     42     38     39     40     40     42     44     46     44     44
 1884 -0.456 -0.227 -0.535 -0.672 -0.345 -0.430 -0.432 -0.417 -0.500 -0.375 -0.834 -0.471 -0.474
 1884     40     42     39     41     49     47     47     45     49     48     47     45
 1885 -0.700 -0.522 -0.513 -0.431 -0.445 -0.413 -0.211 -0.325 -0.277 -0.138 -0.378 -0.088 -0.367
 1885     45     46     47     47     46     45     45     50     50     50     48     53
 1886 -0.385 -0.607 -0.464 -0.236 -0.178 -0.297 -0.147 -0.244 -0.375 -0.337 -0.515 -0.300 -0.338
 1886     49     49     53     48     49     51     52     53     51     54     47     47
 1887 -0.647 -0.581 -0.403 -0.415 -0.234 -0.279 -0.148 -0.310 -0.242 -0.496 -0.332 -0.226 -0.356
 1887     47     47     48     48     43     47     49     47     45     45     48     46
 1888 -0.610 -0.539 -0.633 -0.039 -0.259 -0.132 -0.158 -0.171 -0.160 -0.010 -0.276 -0.224 -0.266
 1888     43     46     47     49     47     47     47     47     43     45     43     42
 1889 -0.118 -0.136 -0.118  0.150  0.041  0.001 -0.132 -0.110 -0.339 -0.232 -0.562 -0.130 -0.138
 1889     44     43     44     44     45     43     42     47     43     42     40     43
 1890 -0.313 -0.274 -0.392 -0.198 -0.350 -0.262 -0.294 -0.345 -0.399 -0.414 -0.621 -0.490 -0.363
 1890     45     42     41     41     43     44     43     44     41     43     42     42
 1891 -0.611 -0.570 -0.396 -0.388 -0.200 -0.169 -0.141 -0.137  0.006 -0.275 -0.729  0.136 -0.289
 1891     42     42     43     42     43     44     42     41     40     40     44     42
 1892 -0.452 -0.074 -0.674 -0.499 -0.387 -0.308 -0.436 -0.344 -0.160 -0.385 -0.889 -0.998 -0.466
 1892     42     42     46     42     41     42     41     42     46     42     43     41
 1893 -1.533 -1.122 -0.567 -0.556 -0.622 -0.290 -0.130 -0.240 -0.397 -0.208 -0.493 -0.375 -0.543
 1893     42     44     44     44     43     44     44     44     44     42     43     41
 1894 -0.639 -0.432 -0.349 -0.293 -0.270 -0.455 -0.162 -0.221 -0.340 -0.403 -0.501 -0.438 -0.375
 1894     44     43     43     44     41     45     42     43     47     43     43     43
 1895 -0.669 -0.969 -0.647 -0.317 -0.277 -0.267 -0.250 -0.273 -0.031 -0.164 -0.258 -0.291 -0.368
 1895     45     42     40     40     43     40     41     44     43     45     42     43
 1896 -0.269 -0.256 -0.561 -0.424 -0.041  0.096  0.030  0.035  0.067  0.032 -0.509 -0.002 -0.152
 1896     45     45     42     44     43     45     47     47     48     46     48     47
 1897 -0.251 -0.173 -0.479 -0.025  0.136 -0.047  0.068  0.012  0.082 -0.076 -0.459 -0.496 -0.144
 1897     44     44     42     44     48     47     44     46     49     46     45     48
 1898  0.140 -0.321 -0.929 -0.456 -0.324 -0.145 -0.136 -0.099 -0.139 -0.459 -0.388 -0.176 -0.288
 1898     48     46     49     45     50     49     49     51     48     50     45     49
 1899  0.006 -0.641 -0.770 -0.263 -0.249 -0.392 -0.081 -0.058  0.010  0.040  0.317 -0.544 -0.220
 1899     48     47     46     48     48     48     49     50     51     47     47     49
 1900 -0.334 -0.364 -0.213 -0.179 -0.138 -0.002 -0.094  0.004 -0.089  0.311 -0.203  0.175 -0.096
 1900     45     45     44     44     46     46     50     49     49     47     48     47
 1901 -0.102 -0.224 -0.053  0.029 -0.100  0.054  0.105  0.029 -0.255 -0.147 -0.355 -0.452 -0.124
 1901     49     52     49     51     48     49     49     51     51     51     49     49
 1902 -0.032 -0.201 -0.408 -0.526 -0.411 -0.385 -0.399 -0.218 -0.290 -0.344 -0.528 -0.636 -0.367
 1902     50     49     52     53     51     54     54     57     54     51     54     52
 1903 -0.045  0.001 -0.253 -0.394 -0.426 -0.472 -0.446 -0.545 -0.445 -0.548 -0.661 -0.579 -0.400
 1903     50     52     52     50     53     54     53     55     53     54     52     54
 1904 -0.669 -0.585 -0.716 -0.583 -0.461 -0.504 -0.511 -0.441 -0.466 -0.304 -0.229 -0.348 -0.485
 1904     54     52     52     54     54     51     52     54     55     54     53     53
 1905 -0.510 -0.882 -0.561 -0.642 -0.290 -0.214 -0.117 -0.222 -0.132 -0.281 -0.038 -0.130 -0.336
 1905     52     55     54     56     56     56     57     56     55     53     57     55
 1906 -0.044 -0.334 -0.287 -0.020 -0.180 -0.116 -0.207 -0.189 -0.284 -0.217 -0.391 -0.104 -0.199
 1906     53     57     56     55     57     58     57     61     55     57     57     55
 1907 -0.492 -0.610 -0.381 -0.639 -0.613 -0.511 -0.292 -0.488 -0.364 -0.252 -0.612 -0.424 -0.477
 1907     58     57     53     56     54     58     57     57     59     56     62     59
 1908 -0.336 -0.347 -0.776 -0.471 -0.418 -0.352 -0.410 -0.418 -0.314 -0.508 -0.627 -0.529 -0.458
 1908     58     60     57     58     59     57     58     61     59     61     60     59
 1909 -0.512 -0.471 -0.775 -0.654 -0.528 -0.425 -0.451 -0.239 -0.283 -0.335 -0.207 -0.504 -0.448
 1909     60     60     59     60     60     60     64     59     61     62     60     61
 1910 -0.168 -0.451 -0.385 -0.400 -0.401 -0.437 -0.421 -0.413 -0.340 -0.353 -0.596 -0.604 -0.417
 1910     59     58     60     56     57     62     60     61     59     63     63     62
 1911 -0.473 -0.733 -0.629 -0.617 -0.445 -0.322 -0.370 -0.328 -0.238 -0.340 -0.280 -0.264 -0.421
 1911     63     63     61     60     59     58     61     63     59     63     60     62
 1912 -0.474 -0.229 -0.539 -0.344 -0.262 -0.129 -0.428 -0.590 -0.664 -0.796 -0.573 -0.561 -0.466
 1912     63     63     60     59     62     60     62     63     62     64     65     64
 1913 -0.441 -0.697 -0.603 -0.483 -0.595 -0.567 -0.518 -0.369 -0.453 -0.447 -0.162 -0.044 -0.447
 1913     64     66     68     67     67     67     67     65     66     68     68     68
 1914  0.100 -0.130 -0.363 -0.434 -0.204 -0.285 -0.286 -0.246 -0.263 -0.124 -0.327 -0.280 -0.237
 1914     66     68     67     66     65     65     64     64     63     66     68     67
 1915 -0.054 -0.050 -0.446 -0.074 -0.227 -0.113 -0.047 -0.002 -0.075 -0.227 -0.079 -0.152 -0.125
 1915     65     65     64     63     62     62     65     66     65     61     59     61
 1916 -0.169 -0.186 -0.540 -0.334 -0.428 -0.454 -0.182 -0.333 -0.431 -0.408 -0.437 -0.763 -0.385
 1916     61     62     61     61     63     62     63     64     62     62     63     62
 1917 -0.622 -0.855 -0.897 -0.471 -0.700 -0.301 -0.281 -0.204 -0.153 -0.431 -0.205 -0.832 -0.493
 1917     66     61     61     62     62     61     62     64     62     65     59     60
 1918 -0.492 -0.442 -0.421 -0.475 -0.491 -0.435 -0.341 -0.289 -0.255 -0.010 -0.250 -0.370 -0.353
 1918     62     63     62     60     57     58     60     62     58     59     56     59
 1919 -0.201 -0.302 -0.526 -0.189 -0.508 -0.317 -0.262 -0.285 -0.153 -0.263 -0.654 -0.679 -0.360
 1919     60     60     59     61     63     62     61     63     62     62     63     60
 1920 -0.213 -0.363 -0.106 -0.336 -0.161 -0.257 -0.167 -0.256 -0.255 -0.324 -0.468 -0.466 -0.278
 1920     61     62     62     62     62     63     66     65     65     66     63     65
 1921  0.079 -0.133 -0.124 -0.016 -0.155 -0.029 -0.031 -0.169 -0.149 -0.080 -0.393 -0.050 -0.101
 1921     67     67     67     65     65     65     64     68     66     66     68     68
 1922 -0.373 -0.384 -0.192 -0.199 -0.136 -0.181 -0.233 -0.247 -0.225 -0.318 -0.228 -0.247 -0.245
 1922     69     69     68     69     66     67     67     70     68     68     70     71
 1923 -0.089 -0.597 -0.526 -0.559 -0.302 -0.246 -0.207 -0.302 -0.147 -0.043  0.148  0.080 -0.231
 1923     69     69     70     70     69     71     72     73     72     72     70     71
 1924 -0.330 -0.235 -0.283 -0.257 -0.166 -0.117 -0.149 -0.194 -0.141 -0.167 -0.164 -0.502 -0.222
 1924     71     71     73     70     72     73     73     73     74     70     72     69
 1925 -0.233 -0.223 -0.214 -0.161 -0.119 -0.206 -0.097 -0.051  0.043 -0.220 -0.026  0.082 -0.117
 1925     71     72     71     73     71     70     72     72     72     71     72     73
 1926  0.325  0.193 -0.008 -0.216 -0.157 -0.067 -0.131 -0.002  0.044  0.035  0.057 -0.212 -0.008
 1926     73     72     73     71     71     72     73     75     74     74     72     72
 1927 -0.199 -0.099 -0.325 -0.220 -0.174 -0.107 -0.030  0.011  0.023  0.216 -0.025 -0.448 -0.113
 1927     72     73     74     75     74     74     75     76     76     73     74     74
 1928  0.162 -0.027 -0.367 -0.333 -0.136 -0.302 -0.073 -0.174 -0.119 -0.093 -0.112 -0.147 -0.142
 1928     74     74     73     73     73     73     75     77     74     75     75     74
 1929 -0.623 -0.965 -0.370 -0.399 -0.246 -0.304 -0.238 -0.027 -0.119  0.009 -0.017 -0.546 -0.318
 1929     75     75     75     75     75     76     74     77     75     77     75     75
 1930 -0.227 -0.105 -0.039 -0.101 -0.185 -0.143  0.017  0.189  0.092  0.071  0.237  0.031 -0.011
 1930     75     74     76     74     75     76     76     77     76     76     75     74
 1931  0.099 -0.274 -0.125 -0.145 -0.053  0.148  0.128  0.175  0.164  0.214  0.047  0.018  0.035
 1931     74     75     75     76     75     76     76     76     76     75     75     74
 1932  0.381 -0.285 -0.435 -0.007 -0.103 -0.084 -0.065  0.051  0.117  0.014 -0.263 -0.165 -0.068
 1932     76     75     75     76     76     77     76     79     77     77     74     76
 1933 -0.347 -0.443 -0.404 -0.174 -0.205 -0.228  0.025 -0.066 -0.152 -0.123 -0.238 -0.541 -0.239
 1933     75     72     74     76     74     73     75     79     79     77     78     75
 1934 -0.152  0.158 -0.425 -0.260  0.056 -0.003  0.010 -0.001 -0.079  0.047  0.192  0.019 -0.034
 1934     76     73     77     76     76     76     79     79     77     75     76     77
 1935 -0.300  0.491 -0.131 -0.284 -0.249 -0.123 -0.027  0.030 -0.061  0.110 -0.416 -0.221 -0.097
 1935     76     76     75     77     78     78     79     79     79     78     78     78
 1936 -0.298 -0.570 -0.243 -0.122 -0.006  0.070  0.152  0.128  0.119  0.002  0.018  0.171 -0.049
 1936     78     79     79     77     79     79     79     81     79     80     79     77
 1937 -0.126  0.147 -0.374 -0.111  0.066  0.151  0.223  0.244  0.335  0.320  0.110 -0.111  0.073
 1937     78     78     78     79     78     80     82     82     80     79     77     76
 1938  0.191  0.202  0.217  0.258 -0.018 -0.065  0.062  0.208  0.217  0.233  0.164 -0.392  0.107
 1938     78     77     78     77     79     79     80     80     79     77     79     78
 1939 -0.045  0.042 -0.338 -0.133 -0.016  0.010  0.100  0.148  0.136 -0.105  0.138  0.564  0.041
 1939     77     77     77     79     79     80     80     79     80     78     78     77
 1940 -0.488 -0.086 -0.153  0.097 -0.036  0.059  0.136  0.050  0.163  0.079  0.105  0.185  0.008
 1940     78     78     77     77     79     77     78     81     75     76     77     78
 1941 -0.044  0.114 -0.201 -0.009  0.016  0.132  0.147  0.073 -0.016  0.293 -0.009 -0.046  0.039
 1941     80     80     80     80     81     83     82     84     83     83     80     69
 1942  0.146 -0.167 -0.232 -0.054 -0.021  0.097  0.050 -0.061  0.073  0.167  0.150  0.124  0.022
 1942     72     74     72     75     73     71     72     74     68     71     72     66
 1943 -0.302  0.291 -0.222  0.237  0.180 -0.081 -0.031  0.132  0.126  0.354  0.148  0.385  0.100
 1943     66     67     68     67     67     68     69     71     71     71     71     73
 1944  0.636  0.395  0.151 -0.029  0.190  0.053  0.115  0.188  0.337  0.372 -0.003 -0.167  0.186
 1944     76     75     76     77     77     77     76     78     77     76     75     72
 1945 -0.004 -0.254 -0.107  0.172 -0.000  0.039 -0.014  0.264  0.187  0.240  0.058 -0.303  0.024
 1945     73     75     73     71     73     74     72     76     70     71     76     77
 1946  0.310  0.180 -0.060  0.328 -0.055 -0.105  0.006  0.011  0.065  0.005  0.054 -0.449  0.027
 1946     71     71     69     70     67     69     72     74     68     71     75     70
 1947 -0.233 -0.219  0.031  0.169 -0.056 -0.074 -0.049  0.031  0.106  0.387  0.133 -0.053  0.019
 1947     72     74     75     73     74     73     76     77     73     71     73     72
 1948  0.447 -0.062 -0.230  0.091  0.211  0.218  0.025  0.148  0.077  0.140  0.067 -0.208  0.080
 1948     73     69     72     69     69     72     74     73     74     75     73     72
 1949  0.361 -0.070 -0.223  0.062  0.042 -0.174 -0.135  0.046 -0.123  0.120  0.010 -0.246 -0.027
 1949     79     79     80     79     81     81     82     83     84     83     83     82
 1950 -0.389 -0.248 -0.115 -0.185 -0.068 -0.119 -0.185 -0.171 -0.066 -0.008 -0.408 -0.088 -0.170
 1950     80     81     84     82     83     83     82     84     84     81     83     84
 1951 -0.296 -0.574 -0.317  0.016  0.129  0.020  0.124  0.304  0.325  0.305  0.083  0.489  0.051
 1951     84     84     86     85     84     84     85     88     86     88     86     86
 1952  0.255  0.115 -0.316  0.097  0.089  0.172  0.155  0.149  0.171 -0.006 -0.340 -0.081  0.039
 1952     86     87     86     88     87     86     88     89     88     88     88     86
 1953  0.201  0.269  0.220  0.275  0.175  0.236  0.207  0.261  0.177  0.227 -0.065  0.205  0.199
 1953     87     87     86     87     87     88     88     90     89     87     89     86
 1954 -0.273 -0.077 -0.262 -0.079 -0.177  0.011 -0.065  0.016  0.060  0.085  0.199 -0.156 -0.058
 1954     87     86     87     86     86     88     88     89     89     89     88     85
 1955  0.375 -0.105 -0.558 -0.237 -0.066 -0.060 -0.025  0.094 -0.017  0.041 -0.255 -0.249 -0.088
 1955     87     86     88     87     87     88     89     90     90     90     89     87
 1956 -0.086 -0.409 -0.356 -0.316 -0.237 -0.207 -0.245 -0.223 -0.310 -0.224 -0.315 -0.218 -0.262
 1956     87     88     88     88     88     89     89     91     91     90     90     90
 1957 -0.181 -0.124 -0.323 -0.115 -0.055  0.067  0.053  0.172  0.148  0.014  0.106  0.355  0.009
 1957     90     89     90     91     89     90     91     92     91     91     90     89
 1958  0.503  0.300  0.015  0.042  0.035  0.040  0.021  0.129  0.027  0.080  0.074  0.134  0.116
 1958     88     91     90     91     92     91     91     92     92     91     91     90
 1959  0.239  0.125  0.180  0.116  0.018  0.119  0.057  0.102  0.137 -0.064 -0.163  0.002  0.073
 1959     91     91     91     91     91     92     92     92     93     92     92     91
 1960  0.030  0.335 -0.489 -0.160 -0.106  0.110  0.081  0.086  0.120 -0.001 -0.137  0.315  0.015
 1960     91     92     91     92     92     92     92     94     93     92     92     92
 1961  0.148  0.301  0.158  0.102  0.071  0.127  0.063  0.071 -0.060 -0.088  0.003 -0.106  0.065
 1961     93     93     92     93     93     93     94     95     94     93     92     93
 1962  0.220  0.317  0.089  0.149  0.042 -0.140  0.119  0.045 -0.003  0.089  0.028  0.106  0.089
 1962     93     93     94     93     93     93     94     95     95     94     93     93
 1963  0.094  0.445 -0.179 -0.042 -0.046 -0.031  0.161  0.204  0.202  0.465  0.440  0.066  0.148
 1963     93     93     93     93     93     94     94     94     94     94     93     93
 1964  0.077 -0.120 -0.397 -0.270 -0.062 -0.065 -0.060 -0.212 -0.261 -0.246 -0.179 -0.243 -0.169
 1964     93     93     93     93     93     93     94     94     95     94     93     93
 1965 -0.004 -0.407 -0.173 -0.300 -0.156 -0.171 -0.144 -0.146 -0.130  0.074 -0.074  0.015 -0.134
 1965     92     93     93     93     93     94     94     94     95     94     94     93
 1966 -0.075  0.009  0.018 -0.159 -0.068  0.058  0.099  0.161  0.112  0.059 -0.015 -0.154  0.003
 1966     93     93     93     94     94     94     94     95     95     94     94     93
 1967 -0.172 -0.256  0.078  0.048  0.156 -0.008  0.057  0.087 -0.003  0.277  0.053 -0.002  0.026
 1967     93     93     94     94     94     94     94     95     95     94     94     94
 1968 -0.265 -0.128  0.338 -0.066 -0.050 -0.030 -0.062 -0.050 -0.038 -0.012 -0.139 -0.265 -0.063
 1968     93     93     93     94     94     94     95     96     96     94     93     94
 1969 -0.474 -0.482 -0.184  0.037  0.044 -0.067  0.039  0.015  0.013 -0.024  0.165  0.269 -0.054
 1969     94     94     94     93     94     94     95     95     96     94     94     93
 1970 -0.014  0.191 -0.175  0.027 -0.063 -0.021 -0.049 -0.044 -0.045 -0.161 -0.059 -0.250 -0.056
 1970     93     94     94     94     94     94     95     96     96     95     94     94
 1971 -0.031 -0.343 -0.386 -0.255 -0.207 -0.216 -0.192 -0.199 -0.194 -0.180  0.008 -0.115 -0.193
 1971     93     93     94     94     94     94     94     95     95     94     94     94
 1972 -0.703 -0.560 -0.219 -0.108 -0.193 -0.087 -0.075 -0.065 -0.265 -0.078 -0.234 -0.064 -0.222
 1972     94     94     93     94     93     94     94     95     95     94     94     94
 1973  0.014  0.355  0.189  0.119  0.055  0.067 -0.036 -0.020 -0.120 -0.134 -0.121 -0.069  0.024
 1973     93     93     93     94     94     94     94     95     95     94     94     94
 1974 -0.454 -0.476 -0.200 -0.169 -0.271 -0.211 -0.158 -0.137 -0.168 -0.290 -0.301 -0.294 -0.261
 1974     94     94     94     94     94     93     94     95     95     94     94     94
 1975  0.111 -0.020  0.008 -0.047 -0.094 -0.144 -0.125 -0.157 -0.124 -0.235 -0.360 -0.285 -0.123
 1975     94     94     94     94     94     94     95     96     95     95     94     93
 1976 -0.057 -0.331 -0.567 -0.116 -0.310 -0.272 -0.303 -0.220 -0.174 -0.493 -0.359 -0.318 -0.293
 1976     94     94     94     94     94     94     94     96     95     95     94     94
 1977 -0.370 -0.015  0.134  0.153  0.109  0.158  0.032 -0.017  0.117 -0.085  0.236 -0.041  0.034
 1977     94     94     93     93     94     94     95     95     95     94     94     93
 1978  0.081 -0.046  0.050 -0.003 -0.151 -0.173 -0.130 -0.193 -0.053 -0.041  0.133 -0.144 -0.056
 1978     94     94     94     94     94     94     95     95     95     94     94     94
 1979 -0.120 -0.292 -0.029 -0.221 -0.075  0.039  0.005 -0.020  0.105  0.133  0.081  0.470  0.006
 1979     94     93     93     94     93     94     94     95     95     94     93     94
 1980  0.088  0.203 -0.180  0.081  0.130  0.113  0.089  0.039  0.028  0.017  0.159  0.045  0.068
 1980     93     93     94     93     93     94     94     95     95     94     94     94
 1981  0.611  0.425  0.403  0.228  0.057  0.178  0.075  0.125  0.077  0.096  0.165  0.391  0.236
 1981     93     93     94     93     92     93     94     94     94     94     94     93
 1982 -0.193  0.045 -0.193  0.073  0.025 -0.066 -0.026 -0.100  0.027 -0.046 -0.163  0.264 -0.029
 1982     92     93     93     93     93     93     94     95     94     94     94     93
 1983  0.490  0.236  0.164 -0.020 -0.011  0.058  0.158  0.208  0.196  0.079  0.389  0.063  0.168
 1983     92     93     93     93     93     93     94     95     94     94     94     93
 1984  0.162 -0.098  0.049 -0.120  0.121 -0.056  0.005  0.016 -0.095 -0.100 -0.287 -0.608 -0.085
 1984     93     93     92     93     93     94     94     95     95     94     94     93
 1985 -0.104 -0.418 -0.220 -0.128 -0.087 -0.086 -0.188 -0.060 -0.091 -0.055 -0.108 -0.024 -0.131
 1985     93     93     93     93     93     93     94     95     95     94     94     93
 1986  0.240  0.091  0.047  0.078  0.049  0.056 -0.056 -0.030 -0.051  0.011 -0.081 -0.051  0.026
 1986     93     93     93     93     93     93     94     94     95     94     94     93
 1987  0.050  0.408 -0.148 -0.049  0.155  0.077  0.197  0.250  0.298  0.141  0.043  0.417  0.153
 1987     93     93     93     93     93     93     94     95     95     94     93     93
 1988  0.441  0.184  0.253  0.275  0.214  0.285  0.292  0.197  0.191  0.139  0.022  0.313  0.233
 1988     93     93     93     92     93     93     93     95     94     94     93     93
 1989 -0.012  0.241  0.222  0.126  0.132  0.142  0.249  0.198  0.168  0.209  0.028  0.262  0.164
 1989     93     93     93     93     94     93     94     94     94     94     93     93
 1990  0.273  0.412  0.921  0.491  0.345  0.370  0.262  0.346  0.347  0.422  0.429  0.330  0.412
 1990     93     93     93     93     93     93     94     95     94     94     93     92
 1991  0.464  0.452  0.171  0.497  0.265  0.404  0.396  0.302  0.244  0.253  0.222  0.130  0.316
 1991     92     92     92     92     92     93     92     94     94     94     92     91
 1992  0.533  0.458  0.279  0.026  0.096  0.021 -0.105 -0.098 -0.200 -0.122 -0.136  0.142  0.074
 1992     92     92     92     91     92     93     92     93     94     93     92     92
 1993  0.384  0.437  0.271  0.109  0.167  0.166  0.088  0.037 -0.067  0.062 -0.285  0.208  0.130
 1993     92     92     92     93     92     92     93     94     94     92     92     92
 1994  0.244 -0.103  0.308  0.342  0.264  0.323  0.239  0.285  0.288  0.495  0.410  0.263  0.280
 1994     92     92     92     92     92     92     92     93     94     93     93     92
 1995  0.646  1.002  0.437  0.454  0.265  0.450  0.351  0.502  0.348  0.497  0.453  0.244  0.470
 1995     92     92     92     92     92     93     93     95     94     92     92     92
 1996  0.131  0.395  0.084  0.030  0.240  0.229  0.261  0.177  0.083  0.071  0.138  0.262  0.175
 1996     92     91     92     91     92     92     93     93     93     92     92     92
 1997  0.320  0.478  0.488  0.377  0.380  0.488  0.422  0.502  0.465  0.631  0.465  0.452  0.456
 1997     92     92     92     92     92     92     93     93     93     92     92     91
 1998  0.514  0.960  0.506  0.725  0.584  0.649  0.746  0.717  0.513  0.502  0.306  0.654  0.614
 1998     92     93     93     92     92     93     93     94     93     93     93     92
 1999  0.506  0.923  0.121  0.453  0.286  0.272  0.327  0.299  0.349  0.398  0.344  0.626  0.408
 1999     92     92     92     92     92     92     93     94     94     93     93     93
 2000  0.288  0.710  0.618  0.720  0.490  0.330  0.386  0.482  0.351  0.233  0.099  0.156  0.404
 2000     93     92     92     92     92     92     93     94     94     93     93     92
 2001  0.465  0.334  0.635  0.557  0.615  0.465  0.586  0.633  0.497  0.550  0.876  0.500  0.558
 2001     91     91     91     91     91     91     92     94     93     92     92     91
 2002  0.898  1.070  0.870  0.460  0.410  0.584  0.587  0.476  0.522  0.395  0.593  0.266  0.593
 2002     91     91     92     92     92     91     92     93     93     92     92     92
 2003  0.779  0.464  0.479  0.493  0.599  0.477  0.585  0.768  0.730  0.885  0.574  0.884  0.642
 2003     92     92     92     92     91     92     92     93     93     92     92     92
 2004  0.659  0.879  0.739  0.589  0.425  0.414  0.500  0.524  0.598  0.606  0.910  0.426  0.604
 2004     92     92     92     92     92     92     92     93     93     92     91     92
 2005  0.738  0.429  0.678  0.794  0.683  0.718  0.727  0.662  0.841  0.842  0.930  0.640  0.724
 2005     92     92     92     91     91     92     93     93     93     92     92     91
 2006  0.382  0.714  0.572  0.492  0.571  0.731  0.595  0.702  0.710  0.821  0.769  1.049  0.676
 2006     90     92     92     91     91     91     92     92     93     92     92     91
 2007  1.289  0.743  0.726  0.837  0.613  0.567  0.593  0.677  0.581  0.678  0.618  0.634  0.713
 2007     91     91     91     91     91     92     92     93     94     92     92     91
 2008  0.186  0.376  0.961  0.519  0.490  0.553  0.582  0.568  0.509  0.758  0.806  0.523  0.569
 2008     91     91     91     91     91     92     92     94     93     93     92     92
 2009  0.626  0.598  0.460  0.596  0.464  0.631  0.645  0.650  0.761  0.660  0.591  0.462  0.594
 2009     90     91     91     90     90     91     92     94     93     93     92     92
 2010  0.634  0.672  0.825  0.849  0.738  0.776  0.854  0.794  0.602  0.723  0.987  0.421  0.740
 2010     91     91     92     91     91     92     92     93     93     93     92     91
 2011  0.337  0.365  0.521  0.676  0.528  0.654  0.659  0.663  0.631  0.725  0.458  0.669  0.575
 2011     91     91     90     90     90     90     92     92     92     91     91     90
 2012  0.456  0.344  0.452  0.844  0.817  0.796  0.766  0.701  0.747  0.689  0.699  0.227  0.627
 2012     90     91     89     89     89     90     89     91     91     91     91     90
 2013  0.584  0.691  0.529  0.523  0.680  0.679  0.660  0.729  0.667  0.692  0.960  0.704  0.674
 2013     89     88     90     89     89     90     91     92     92     91     90     90
 2014  0.716  0.413  0.842  0.873  0.753  0.814  0.779  0.940  0.831  0.815  0.633  0.935  0.779
 2014     89     89     89     89     89     89     92     92     91     91     90     89
 2015  1.030  1.009  0.986  0.871  0.929  0.966  0.856  0.978  1.099  1.087  1.133  1.433  1.033
 2015     89     89     89     89     89     90     91     92     91     92     90     90
 2016  1.186  1.572  1.436  1.191  0.935  1.038  0.975  1.061  1.066  0.784  0.693  0.842  1.064
 2016     89     90     90     90     89     90     91     91     92     90     89     88
 2017  1.029  1.146  1.165  0.963  0.768  0.853  0.862  0.940  0.808  0.779  0.849  0.918  0.922
 2017     87     88     87     87     88     87     88     88     89     88     87     87
 2018  0.767  0.778  0.864  0.752  0.766  0.824  0.791  0.773  0.792  0.911  0.690  0.778  0.789
 2018     88     89     88     88     88     88     90     90     91     90     89     89
 2019  0.933  0.824  1.137  0.948  0.733  0.969  0.952  0.000  0.000  0.000  0.000  0.000  0.929
 2019     88     86     87     86     86     86     89      0      0      0      0      0
