-5.18 -1.42 0.86 -0.41 -0.86
-0.96 -1.42 -0.59 -0.58 0.5
-2.77 -3.62 -3.23 -2.08 0.16
-1.65 0.54 -1.11 -1.3 0.41
0.06 -1.04 0.64 -1 0.83
1.58 -0.87 -0.51 -0.44 -0.2
0.81 -0.11 -0.1 -1.22 -0.96
0.62 -1 -1.89 -3.28 -3.32
-2.07 0.51 -0.04 -1.44 -0.36
-0.68 -1.64 -2.91 -0.68 -2.93
-1.78 -0.29 -2.05 -0.15 0.29
0.89 -0.17 -1.07 -0.4 -3.84
-2.63 0.12 0.59 -0.93 -1.79
1.08 1.86 1.08 -0.34 0.96
-3.25 2.24 -4.43 -3.12 -4.1
-0.61 -1.07 -1.54 -2.58 -2.2
-0.76 -0.16 0.56 -0.62 3.24
3.05 0.11 0.43 -1.11 -0.03
-1.17 -1.16 1.32 0.2 -0.16
-0.25 1.39 0.33 -2.05 -0.5
-2.49 0.19 0.32 -1.73 -0.63
-4.31 -4.94 1.87 -0.71 -3.8
-3.42 -1.05 -1.63 -1.85 0.57
-1.26 -0.47 -2.59 0.23 2.76
0.77 -5.28 -4.82 -1.17 -2.87
-0.9 -1.95 0.16 1.03 -0.73
-3.29 -3.57 -5.06 -1.31 -3.26
-3.63 -4.64 -2.76 -0.68 -0.97
-1.16 -0.02 -3.19 -4.07 -2.08
-4.32 -0.08 -0.23 0.02 -1.14
-0.17 1.09 -0.91 -1.09 -0.87
-1.24 0.86 0.14 0.13 -0.7
-1.58 -0.8 -0.31 -1.15 -0.56
-1.79 -1.69 0.25 0.8 -2.17
-2.09 -0.3 -1.51 0.31 1.62
0.49 -0.54 -2.08 -1.13 -2.75
-1.05 -6.73 0.59 -2.17 -1.93
-2 -0.87 -0.68 -1.02 -0.31
-2.26 -1.6 2.36 2.21 -0.78
0.19 -1.08 0.08 0.16 -0.77
-1.01 0.35 -0.35 -1.27 0.25
-0.11 -1.26 -2.09 -2.3 -0.32
0.53 0.35 0.64 -1.25 -1.22
-1.2 0.38 1.12 -0.11 -0.08
-1.85 -1.11 -0.69 -1.12 -0.72
0.08 -1.79 -1.23 -2.49 0.25
-1.37 -1.14 -1.22 -1.38 -0.29
-1.04 -1.33 -1.27 -1.68 -2.01
0.01 -1.21 -1.32 -2.88 -2.37
0.4 0.38 -0.64 0.6 -0.7
-1.52 -3.14 -1.79 -3.64 -2.33
-2.58 -1.33 -0.76 -0.67 -1.31
-0.79 -1.26 0.64 0.86 -0.16
0.19 -0.19 -0.32 -0.88 -0.4
-0.15 0.11 -0.62 0.38 0.65
0.55 1.7 -2.62 -0.78 -0.6
-0.6 -1.71 -1.26 0.16 -0.44
-0.56 -1.84 -0.27 0.5 -0.93
-0.4 -0.03 -0.76 -1.03 -0.49
-0.28 -0.05 -3.16 -3.27 -3.11
-1.97 -5.62 -4.83 -1.71 -2.71
-2.4 -2.01 -0.67 -1.59 -0.18
-0.17 0.41 0.26 -0.63 -1.86
-2.73 -1.73 -1.83 -1.73 -0.59
-0.11 -0.71 -2.88 -3.52 -0.74
0.23 1.02 0.8 -1.24 -0.11
-0.47 -0.55 -0.45 -1.36 0.63
0.55 -1.37 -0.39 -0.64 -1.32
-2.03 -1.57 -0.95 -0.8 -0.44
0.23 -0.66 -1.73 -1.98 -0.07
0.02 -1.73 -2.95 -2.55 -1.04
-1.12 -1.16 -2.56 -3.53 -2.42
-4.45 -0.92 -2.1 -1.76 -2.09
-1.81 0.18 -0.51 -0.72 -0.68
0.33 -1.16 -0.08 0.67 -1.69
-2.4 -1.22 -0.44 -0.51 -1.39
-0.25 -2.2 -2.55 -4.83 -0.09
-2.74 -5.12 -3.09 -1.8 -1.02
-0.39 -0.72 -1.34 -1.74 -1.51
-2.27 -0.77 -0.58 -2.64 -0.78
-0.8 -0.42 -1.04 -0.38 0.18
0.2 -0.16 -0.33 -0.76 -0.33
-0.59 -1.6 -1.36 -0.58 -0.67
-0.24 -0.11 -0.02 -3.23 0.7
-0.6 0.19 -1.2 -1.54 -1.35
-1.32 -0.91 -0.99 -1.34 -0.26
-1.65 -1.78 -3.02 -2.9 -1.12
-2.5 -1.91 -1.25 -1.66 -1.46
0.01 -0.5 -0.32 -2.43 -2.51
-4.16 -1.2 0.25 -0.65 -0.98
-0.67 -0.91 -1.21 0.08 -0.66
-1.34 -0.81 -0.41 -0.4 0.13
-0.15 -0.8 0.43 0.4 -0.94
-1.29 -0.85 -0.54 -1.59 -2.03
-1.56 -2.14 0.16 0.13 -0.17
-0.62 -0.17 -0.7 -0.24 -0.46
-1.46 -0.19 -1.1 -1.59 -0.95
-0.09 0.23 -0.15 0.26 0.56
-1.84 -0.19 -0.96 -3.43 -1.02
0.08 1.85 -0.39 0.15 -0.56
0.3 0.4 -0.35 0.94 0.12
-4.06 -1.91 -0.51 -0.6 0.01
0.41 -0.45 0.44 -0.32 -0.98
-3.58 -2.09 -2.26 -4.33 -1.43
-1.8 -0.57 -0.22 -0.76 -0.74
-0.63 -0.02 -0.58 -0.59 -1.99
0.3 -1.14 -0.96 -0.46 0.07
-0.11 -0.78 0.1 0.22 -2.98
0.09 0.77 0.58 -0.52 -0.95
-0.92 0.04 -0.5 -0.13 0.86
-1.29 -2.71 -3.4 -1.47 -4.53
-2.36 -2.04 -1.75 -0.63 -0.67
-1.23 -2.19 -2.28 -1.44 -0.45
0.88 0.08 -1.1 -0.71 -0.73
-0.62 -0.94 -0.63 -1.19 0.46
0.27 1.11 -2.71 0.17 -0.08
-0.24 -0.07 -0.16 0.01 -0.17
0.1 -0.52 -1.04 -0.83 0.14
1.14 0.02 0.4 0.41 -0.02
0.02 -0.5 -0.91 -0.4 -0.09
-1.01 -0.32 -1.29 -0.27 -0.5
0.01 -0.5 -0.77 -0.34 0.41
-0.7 0.39 -1.77 0.18 0.68
0.7 -0.94 -0.39 -0.42 -0.21
-0.75 0.69 0.89 -1.47 -1.6
-0.13 -0.44 0.17 -0.67 -0.22
0.08 0.11 -0.26 0.29 -1.2
-0.7 -1.29 0.15 -1.19 -1.56
-0.88 -0.43 -0.03 -0.29 0.05
0.08 -1.49 -1.22 -1.12 1.08
-1.02 -1.21 -0.26 -0.53 -0.21
-0.07 -0.5 -0.64 -1.42 -1.57
-1.45 -0.31 -0.93 -0.61 -0.13
-0.92 -0.68 -0.08 -0.42 0.55
-0.04 0.87 -0.48 -1.83 -1.1
-0.46 -0.43 -0.04 -1.17 -0.81
-1.11 -1.43 -0.11 -0.63 -1.63
-0.28 -0.4 -0.25 -0.4 -0.73
-0.4 -0.21 -0.58 -1.31 -1.07
0.28 -1.69 -1.29 -2.13 -1.44
-0.97 -0.17 -0.41 0.08 -0.73
0.38 -0.63 2.12 -0.81 -0.42
-2.3 0.94 0.18 -0.4 0.9
0.03 -0.6 -0.57 -1.53 -4.43
0.48 1.06 -1.62 -0.51 -1.25
-0.27 0.03 -0.41 -0.08 -0.08
0.46 -2.81 -1.11 -1.85 -2.5
-1.17 -1.56 -0.77 -0.61 0.07
-0.1 -1.45 -2.91 -2.44 -4.01
-1.43 -1.01 -0.64 -1.64 -1.24
-0.91 -1.25 0.03 -0.28 -0.21
-0.76 0.08 -3.33 -2.28 -1.41
0.23 -0.71 0.03 0.37 -0.21
0.21 -2 -1.16 -0.99 1.47
1.25 0.37 0.5 -0.15 0.32
0.31 0.41 -0.94 0.44 0.47
-0.92 -0.29 0.32 0.79 -0.09
0.41 -0.65 -0.09 -0.78 -0.57
0.46 0.4 1.47 -1.18 -0.53
-0.41 -0.12 0.47 0.07 -0.04
-0.03 -0.19 0.34 0.53 0.27
1.15 -0.32 -0.6 -0.8 -0.19
0.28 -0.01 0.37 1.72 0.75
0.16 0.34 -0.33 1.7 -1.75
0.22 -0.77 0.12 0 0.13
0.39 2.05 1.19 1.04 -0.13
-1.15 0.27 -0.5 -0.55 0.14
-0.13 0.25 0.09 -0.23 -0.71
2.47 -0.51 2.24 0.75 -0.86
-0.03 0.12 0.13 -0.08 0.44
1.42 -0.84 -0.43 1.8 -1.6
-1.16 0.38 0.85 0.85 0.55
-0.08 -0.52 -1.33 -0.7 2.73
2.69 -1.17 -0.1 -0.15 -0.01
-0.11 0.15 0.17 -0.12 1.09
2.29 1.53 1.6 -1.63 -0.98
-0.22 0.04 -0.43 -0.16 0.31
1.16 1.37 1.03 4.35 -1.9
-0.67 -0.05 0.31 0.36 0.91
0.69 -0.01 -0.46 0.6 1.5
0.4 1.42 -1.23 0 -0.04
-0.15 0.48 0.48 0.65 0.9
2.48 1.56 0.42 -0.28 0.94
1.04 0.45 0.13 0.16 0.76
0.03 0.34 -1.13 0.59 0.55
-0.27 -0.62 0.03 -0.56 -0.72
0.62 0.35 0.03 0.25 -0.21
-1.37 1.4 3.05 0.54 -0.28
0.35 0.15 0.44 0.33 0.35
1.49 1.71 2.2 0.92 3.1
0.16 -1.25 -0.62 -0.18 -0.01
-0.05 0.47 0.59 0.64 0.78
-1.4 -2.29 -0.99 1.19 0.82
1.05 0.52 0.77 0.73 0.22
1.62 1.37 4.91 1.52 -1.15
0.34 0.27 1.18 0.49 0.11
0.66 1.71 2.37 1.1 1.83
1.55 1.8 1.75 0.73 0.39
0.38 0.33 1.21 1.31 2.93
1.32 -0.61 1.79 0.49 1.38
0.11 0.46 0.32 0.39 0.22
0.78 1.18 2.55 1.1 1.61
0.16 2 0.42 -0.02 0.05
0.25 0.94 -0.18 0.83 -0.88
-1.6 0.04 -2.26 -1.08 0.08
0.37 0.46 0.34 -0.15 0.27
-0.63 -1.41 2.52 0.5 -2.28
-0.35 0.62 0.66 -0.05 -0.34
0.45 0.63 -0.2 0.62 -0.54
2.67 1.05 3.01 1.75 0.96
0.08 0.23 0.92 1.74 2.63
1.13 3.08 3.06 1.01 0.43
0.08 -0.28 -0.32 -0.19 0.46
1.53 1.24 3.49 2.1 1.66
-0.56 0.62 -0.08 0.11 -0.15
0.52 0.28 0.92 -1.09 -1.32
1.25 -1.69 -0.42 0.06 0.53
-0.06 0.19 0.24 -0.13 0.68
0.22 -0.69 0.6 0.27 0.84
0.96 0.6 -0.01 -0.08 0.03
0.31 2.22 1.62 1.17 0.84
0.03 -0.25 0.2 0.74 0.21
0.33 0.08 0.16 1.33 1.56
-1.98 1.42 -1 2.11 0.05
-0.58 -1.08 -1.05 0.48 0.69
1.35 0.89 0.44 -0.56 -1.43
1.44 0.31 0.28 0 -0.33
0.1 0.54 0.95 0.36 0.93
-1.54 -1.72 -0.79 0.77 0.31
-0.54 -0.51 0.35 0.96 1.34
0.76 1.04 -0.55 0.07 -0.95
0.18 -0.14 -0.25 0.07 -0.17
0.21 0.09 0.47 0.33 -0.37
0.75 -0.05 2.84 1.06 0.97
0.68 0.55 0.46 0.69 1.08
0.98 0.22 -0.65 0.8 1.08
0.61 0.38 0.53 0.71 0.57
1.15 1.24 0.23 2.45 -2.36
-1.93 0.16 -0.2 -0.05 -0.37
-0.3 -0.17 0.65 -1.42 -2.37
0.06 0.09 0.32 -0.75 -0.51
-0.02 0.02 -0.53 -0.59 -1.65
-0.42 0.33 1.81 -0.3 -0.69
0.76 0.34 0.38 0.25 0.84
0.19 0.22 -0.66 -1.81 0.72
-0.68 -0.66 -1.04 -0.6 -0.29
0.13 0.42 0.12 -0.14 -0.63
-0.98 0.7 2.06 0.3 -0.61
0.15 0.46 -0.03 0.2 0.4
-0.19 1.78 0.11 -0.44 0.14
-0.55 -0.22 0.96 0.92 0.49
0.13 0.22 -0.21 -0.7 2.27
0.21 0.01 -0.85 -0.61 -0.14
0.42 0.47 0.08 0.14 0.28
0.56 -1.34 1.71 2.26 0.82
1.33 -0.26 -0.23 0.37 0.38
0.06 0.55 0.59 0.1 1.27
1.41 -2.26 0.57 -0.22 -0.45
-0.24 -0.07 -0.18 0.32 0.05
0.8 -1.25 0.98 -2.42 -1.86
-1.01 -0.12 -0.44 -0.17 -0.04
0.03 -0.21 -0.67 -0.71 -1.79
1.12 0.42 -0.82 -1.12 -0.24
-0.29 -0.5 -0.73 0.07 -1.04
-2.46 -2.93 -2.22 -1.87 -0.02
-0.1 -0.41 -0.32 0 -1.22
-0.22 0.52 -0.53 -0.65 1.09
0.92 0.65 0.08 -0.06 -0.35
-0.02 1.27 1.17 1.6 -0.51
0.5 1.88 -0.01 -0.2 -0.44
-0.23 0.03 -0.13 -0.32 -2.03
-2.41 -0.66 -1.74 -1.51 -0.11
-0.16 -0.35 0.09 -0.36 -0.46
0.06 -0.26 1.62 -0.26 0.14
0.66 -0.94 -0.69 -0.17 -0.14
-0.53 -0.01 -0.78 0.16 -0.08
-0.96 -1.41 -0.78 -0.84 0.03
0.09 0.34 0.07 0.04 0.19
0.4 -0.26 -1.6 0.08 -0.5
-0.22 -0.56 -0.35 0.23 0.04
-0.62 0.4 -1.67 0.48 -0.09
0.67 -0.63 0.16 0.45 0.36
0.3 0.5 0.35 0.01 0.01
0.11 -0.72 -1.76 0.6 -0.01
-0.1 -0.3 0.38 0.53 0.57
-0.45 -1.32 -0.99 -0.9 1.21
1.07 0.8 0.73 0.21 -0.3
-0.15 0.01 -0.23 -0.26 0.12
0.16 -1.51 -0.32 1.18 -0.52
-0.12 0.01 0.09 0.14 -1.15
0.54 -0.83 2.03 -0.82 -1.73
0.86 0.98 0.28 0.09 0.29
0.38 -0.96 0.28 -0.57 1.17
0.96 0.44 -0.26 -0.57 -1.02
-0.42 -0.33 -0.11 -0.45 1.55
-0.82 -0.39 -3.16 -0.88 -0.92
-0.12 -0.52 -0.04 -0.13 -0.17
-0.4 0.93 0.06 0.17 1.72
0.4 -0.18 0.24 0.13 -0.28
0.26 0.07 0.68 -1.03 -0.27
4.62 1.39 0.47 0.54 0.7
0.18 -0.24 0.38 -0.06 0.67
1.53 1.34 -1.59 1.64 -0.61
0.6 -0.88 -0.58 0.44 -0.22
-0.15 -1.26 -1.42 0.78 0.78
0.53 0.59 -0.09 -0.3 0.25
0.16 0.27 0.42 -0.2 1.77
1.44 1.69 -0.36 0.34 -0.58
0.76 0.64 0.61 0.26 0.22
0.23 -0.36 -0.26 0.6 -0.73
0.09 -1.03 -0.05 0.49 0.25
0.12 0.43 0.27 1.05 1.15
-0.49 1.9 0.13 -0.31 -0.1
0.09 0 -0.12 -0.12 0.06
0.85 -0.42 -0.55 -0.74 -0.18
-0.54 -0.15 -0.59 0.36 0.07
-0.01 0.4 -0.88 -0.74 1.1
0.84 0.6 0.28 0.46 0.4
0.71 0.22 0.49 0.35 -0.65
1.29 -1.33 3.63 1.59 0.76
0.41 0.43 0.38 0.64 0.47
0.51 -0.72 0.81 -0.7 -0.04
2.5 2.67 1.4 1.1 0.99
0.8 0.37 0.19 -1.04 -0.51
0.91 0.17 0.13 1.54 1.4
0.73 1.13 0.88 0.49 0.39
1.08 0.39 0.77 1.19 1.51
-0.58 0.67 -0.22 0.06 -0.27
-0.67 -0.88 -0.77 0.71 1.26
1.92 1.25 0.89 0.71 0.55
0.97 0.33 0.06 -0.18 0.45
-0.92 -0.56 0.13 0.64 0.26
0.62 0.6 0.82 0.38 0.19
0.68 -0.29 0.29 1.76 2.93
0.82 1.87 0.84 0.65 0.43
0.61 0.81 0.74 0.77 -0.24
1.13 1.63 1.9 0.39 0.13
-0.18 0.23 -0.21 -0.48 -0.31
1.7 0.36 0.19 0.59 0.7
1.72 0.3 0.15 0.46 0.4
0.67 0.94 0.84 -0.01 0.14
-0.32 1.44 1.07 0.07 0.65
1.29 1.2 0.37 0.09 0.77
1.17 -0.48 0.9 0.04 0.33
-0.05 0.53 0.62 0.49 0.46
0.44 1.08 0.86 0.44 2.23
1.45 1.3 0.38 0.76 0.97
0.88 0.56 0.66 1.31 0.04
0.87 1.15 -0.14 0.56 0.47
0.95 1.19 1.15 1.15 0.77
1.57 1.79
